# z=1e10
4.962722961190109956e-24 9.999767432740638146e-03
5.008603157779775176e-24 1.301836279887955139e-02
5.054907515148869748e-24 1.606486497140673098e-02
5.101639954648572765e-24 2.165793428922049499e-02
5.148804433882939459e-24 2.861289715123011002e-02
5.196404947043933251e-24 3.738430509772121269e-02
5.244445525249553767e-24 5.001803835279775012e-02
5.292930236885512635e-24 6.276857002076059733e-02
5.341863187949428516e-24 2.329973440790164829e-01
5.391248522398853515e-24 2.743419758427338984e-01
5.441090422502078896e-24 3.175124827600767086e-01
5.491393109192184434e-24 3.619146802487724912e-01
5.542160842424758236e-24 3.393159627648537402e+00
5.593397921538527396e-24 2.396696823835446466e+00
5.645108685619315286e-24 1.391021756979188950e+00
5.697297513867821413e-24 7.227024722995098571e+00
5.749968825970115197e-24 8.831071944163563003e+00
5.803127082472245451e-24 1.034275861399872376e+01
5.856776785157849574e-24 1.180008274266018731e+01
5.910922477429253228e-24 1.327087978085828546e+01
5.965568744692515264e-24 1.475527428516192252e+01
6.020720214745613431e-24 1.625339196366113015e+01
6.076381558170202844e-24 1.781609739941840687e+01
6.132557488727447543e-24 1.939712124832065854e+01
6.189252763757068504e-24 2.099276160625938914e+01
6.246472184580068731e-24 2.260315360233591520e+01
6.304220596905695284e-24 2.422843361492098069e+01
6.362502891241401012e-24 2.586873928319278093e+01
6.421324003307359127e-24 2.752420951880311861e+01
6.480688914454300753e-24 2.964900109512995030e+01
6.540602652085208828e-24 3.184082425488743695e+01
6.601070290081384117e-24 3.405291074150111541e+01
6.662096949231983335e-24 3.628544788870633653e+01
6.723687797667510607e-24 3.948824978918829487e+01
6.785848051297815481e-24 4.603457849698789062e+01
6.848582974253649743e-24 5.264142777997012956e+01
6.911897879332301008e-24 6.151505991607434254e+01
6.975798128447896680e-24 7.076617768489522575e+01
7.040289133085047797e-24 7.696967233783794882e+01
7.105376354757513698e-24 8.056190232912824456e+01
7.171065305470560694e-24 8.418734235843618308e+01
7.237361548187565724e-24 8.784629945137093898e+01
7.304270697301482168e-24 9.153908347199234186e+01
7.371798419110127473e-24 9.526600714904246558e+01
7.439950432295856849e-24 9.902738610241934225e+01
7.508732508410285713e-24 1.032675900011784194e+02
7.578150472362570936e-24 1.079626775664260236e+02
7.648210202913130231e-24 1.127011710485832339e+02
7.718917633171317068e-24 1.174834717338066099e+02
7.790278751097674150e-24 1.223099846181156778e+02
7.862299600011420771e-24 1.271811184417169045e+02
7.934986279102042650e-24 1.320972857236051539e+02
8.008344943945624889e-24 1.370589027964857678e+02
8.082381807026526075e-24 1.420663898420581290e+02
8.157103138263301806e-24 1.472696599823487418e+02
8.232515265539481528e-24 1.533527939225016894e+02
8.308624575239921631e-24 1.594921662187477409e+02
8.385437512791106729e-24 1.656882967926700871e+02
8.462960583207463604e-24 1.719417103725249660e+02
8.541200351642043573e-24 1.782529365376623787e+02
8.620163443942299153e-24 1.846225097633581242e+02
8.699856547211611838e-24 1.910509694661093647e+02
8.780286410375399895e-24 1.975388600492999274e+02
8.861459844752437999e-24 2.040867309492859363e+02
8.943383724632116066e-24 2.092427817063783948e+02
9.026064987856388300e-24 2.140545163737910173e+02
9.109510636407085437e-24 2.189107353564038476e+02
9.193727736999407146e-24 2.238118499101312864e+02
9.278723421679784339e-24 2.287582750929166195e+02
9.364504888430390357e-24 2.337504297999122116e+02
9.451079401778484923e-24 2.387887367989411302e+02
9.538454293411393111e-24 2.438736227662864167e+02
9.626636962797856963e-24 2.490055183228515432e+02
9.715634877814450556e-24 2.541848580706152347e+02
9.805455575377756451e-24 2.594120806294218369e+02
9.896106662083204266e-24 2.650243073658849084e+02
9.987595814848602400e-24 2.744572942461772982e+02
1.007993078156483441e-23 2.839774887533873766e+02
1.017311938175175985e-23 2.935856971189209617e+02
1.026716950722017194e-23 3.032827330277387432e+02
1.036208912274062143e-23 3.130694176873154788e+02
1.045788626671768172e-23 3.229465798971600634e+02
1.055456905187043220e-23 3.329150561189766222e+02
1.065214566592000638e-23 3.429756905475545068e+02
1.075062437228273095e-23 3.531293351822338309e+02
1.085001351076965807e-23 3.633768498990312992e+02
1.095032149829344593e-23 3.737191025235225084e+02
1.105155682958045712e-23 3.841569689042635218e+02
1.115372807789076059e-23 3.946913329870260441e+02
1.125684389574391574e-23 4.054061376058307928e+02
1.136091301565143762e-23 4.185005297372687778e+02
1.146594425085687196e-23 4.317159790564462014e+02
1.157194649608189328e-23 4.450536047327536266e+02
1.167892872827927505e-23 4.585145362822267998e+02
1.178690000739377990e-23 4.720999136632848376e+02
1.189586947712864951e-23 4.858108873731731592e+02
1.200584636572062713e-23 4.996486185454797351e+02
1.211683998672117791e-23 5.136142790484313991e+02
1.222885973978492086e-23 5.277090515840977787e+02
1.234191511146624084e-23 5.359487463117571906e+02
1.245601567602238478e-23 5.413108722036685094e+02
1.257117109622396068e-23 5.467225707579991649e+02
1.268739112417384865e-23 5.521843002722481515e+02
1.280468560213277851e-23 5.576965232808585142e+02
1.292306446335250993e-23 5.632597065943728012e+02
1.304253773291778758e-23 5.688743213390006304e+02
1.316311552859447501e-23 5.745408429964760444e+02
1.328480806168714683e-23 5.802597514443602904e+02
1.340762563790351936e-23 5.860315309966653103e+02
1.353157865822688779e-23 5.918566704448535347e+02
1.365667761979758980e-23 5.977356630992625242e+02
1.378293311680165570e-23 6.036690068308662376e+02
1.391035584136764896e-23 6.096572041134221536e+02
1.403895658447281954e-23 6.157007620660558587e+02
1.416874623685661869e-23 6.218001924961910163e+02
1.429973578994264514e-23 6.279560119428763301e+02
1.443193633677028602e-23 6.341687417205674819e+02
1.456535907293320805e-23 6.404389079632317134e+02
1.470001529752830183e-23 6.407784714585634447e+02
1.483591641411219920e-23 6.407451635905173362e+02
1.497307393166664799e-23 6.407115477924204470e+02
1.511149946557388725e-23 6.406776212174703460e+02
1.525120473859994538e-23 6.406433809925460992e+02
1.539220158188704238e-23 6.406088242179649797e+02
1.553450193595624834e-23 6.405739479672365633e+02
1.567811785171833217e-23 6.405387492868154595e+02
1.582306149149391733e-23 6.405032251958505185e+02
1.596934513004436684e-23 6.404673726859330145e+02
1.611698115561024734e-23 6.404311887208413054e+02
1.626598207096135997e-23 6.403946702362842416e+02
1.641636049445517900e-23 6.403578141396412775e+02
1.656812916110502649e-23 6.403206173097007650e+02
1.672130092365938181e-23 6.405307512223949971e+02
1.687588875368992216e-23 6.407722928885597184e+02
1.703190574268963410e-23 6.410160675988041703e+02
1.718936510318243618e-23 6.412620959975413371e+02
1.734828016984100351e-23 6.415103989200405294e+02
1.750866440061700849e-23 6.417609973941930548e+02
1.767053137788040414e-23 6.420139126422920981e+02
1.783389480956923967e-23 6.422691660828295426e+02
1.799876853035139284e-23 6.425267793323113210e+02
1.816516650279575896e-23 6.427867742070872055e+02
1.833310281855423404e-23 6.430491727251973089e+02
1.850259169955598472e-23 6.433139971082388229e+02
1.867364749921140423e-23 6.435812697832467393e+02
1.884628470362719743e-23 6.438510133845921928e+02
1.902051793283421698e-23 6.441232507559016085e+02
1.919636194202436846e-23 6.443980049519885824e+02
1.937383162280123347e-23 6.446752992408088403e+02
1.955294200444075799e-23 6.449551571054290662e+02
1.973370825516351042e-23 6.452376022460155127e+02
1.991614568342020813e-23 6.455226585818425065e+02
2.010026973918765297e-23 6.458103502533168694e+02
2.028609601527663031e-23 6.461007016240222356e+02
2.047364024865357028e-23 6.463937372827833769e+02
2.066291832177193029e-23 6.452043544878398507e+02
2.085394626391837998e-23 6.424028299224402190e+02
2.104674025256978015e-23 6.395754053624551716e+02
2.124131661476267482e-23 6.367218413633645469e+02
2.143769182847698616e-23 6.338418962669844632e+02
2.163588252403097959e-23 6.309353261810099411e+02
2.183590548548909747e-23 6.280018849583677820e+02
2.203777765208437487e-23 6.250413241763563974e+02
2.224151611965246627e-23 6.220533931156149947e+02
2.244713814207886720e-23 6.190378387388993815e+02
2.265466113276136438e-23 6.159944056696340340e+02
2.286410266608323871e-23 6.129228361703072778e+02
2.307548047890287816e-23 6.098228701206249980e+02
2.328881247205530429e-23 6.066942449954901804e+02
2.350411671186753436e-23 6.045021587357077806e+02
2.372141143168971267e-23 6.035480759969769906e+02
2.394071503343866688e-23 6.025851727973898733e+02
2.416204608915568784e-23 6.016133675921024633e+02
2.438542334258052237e-23 6.006325780823890454e+02
2.461086571073812314e-23 5.996427212086750842e+02
2.483839228554005697e-23 5.986437131435058063e+02
2.506802233540274911e-23 5.976354692844412284e+02
2.529977530687762058e-23 5.966179042468983198e+02
2.553367082629938991e-23 5.955909318569139259e+02
2.576972870144753445e-23 5.945544651438497112e+02
2.600796892322312424e-23 5.935084163330295723e+02
2.624841166734302092e-23 5.924526968383011081e+02
2.649107729604787684e-23 5.913872172545356989e+02
2.673598635982588590e-23 5.903118873500607151e+02
2.698315959915462813e-23 5.892266160590110076e+02
2.723261794625580061e-23 5.881313114736243506e+02
2.748438252686939113e-23 5.870258808364520746e+02
2.773847466204209878e-23 5.859102305325059206e+02
2.799491586993228204e-23 5.847842660813332714e+02
2.825372786763356192e-23 5.836478921290104154e+02
2.851493257301333038e-23 5.825010124400698714e+02
2.877855210656818003e-23 5.813435298893537038e+02
2.904460879329861191e-23 5.801753464537823675e+02
2.931312516459894825e-23 5.789963632040563652e+02
2.958412396016474841e-23 5.778064802962813928e+02
2.985762812992019054e-23 5.766055969635060592e+02
3.013366083595972967e-23 5.753936115071959421e+02
3.041224545451126727e-23 5.741704212886144205e+02
3.069340557791512543e-23 5.729359227201331350e+02
3.097716501662119996e-23 5.716900112564632082e+02
