# z=0
5.716268933206841820e-08 1.758581221526548166e+00
6.267549489573366478e-08 2.184758006053265866e+00
6.871995888096531454e-08 2.768538710740734654e+00
7.534735475894934917e-08 3.033355621865183593e+00
8.261390084654846660e-08 3.791762975876479036e+00
9.058123719031703544e-08 3.930341064568675602e+00
9.931694844150759754e-08 4.082283710934261123e+00
1.088951371574720183e-07 4.501044709068187544e+00
1.193970523926081326e-07 4.704179929983378194e+00
1.309117789110111357e-07 4.884894658649711729e+00
1.435369928672248041e-07 5.595390359455598706e+00
1.573797903653176369e-07 5.714264243449021841e+00
1.725575959247150161e-07 5.844602399272735838e+00
1.891991585590468437e-07 5.987510448482831649e+00
2.074456439174598116e-07 6.450440744441734431e+00
2.274518317527253708e-07 6.668617973354540318e+00
2.493874288739202338e-07 6.860671107023825321e+00
2.734385087210861157e-07 7.053946176725727213e+00
2.998090897733717461e-07 7.252879940606347553e+00
3.287228661798438503e-07 7.477397048939654844e+00
3.604251052934180199e-07 7.742721552663946127e+00
3.951847282041528544e-07 7.913970042868838206e+00
4.332965909204719880e-07 8.050170154391050659e+00
4.750839855489382761e-07 8.199505489978907491e+00
5.209013826893690894e-07 8.419580276082669457e+00
5.711374383082547595e-07 8.697647629974358807e+00
6.262182905969316426e-07 8.948978007776776877e+00
6.866111747808288544e-07 9.087784780913837679e+00
7.528283865431697973e-07 9.239978166195388809e+00
8.254316276837513848e-07 9.406849176881497243e+00
9.050367708757710736e-07 9.549698438368094955e+00
9.923190839387880990e-07 9.649668997890627153e+00
1.088018957943841242e-06 9.759280780791172560e+00
1.192948187740612826e-06 9.879463592691196894e+00
1.307996858182564661e-06 1.001123691024868734e+01
1.434140894463938438e-06 1.005610622876838001e+01
1.572450340615998402e-06 1.007786072610516825e+01
1.724098436386609320e-06 1.010171324079128574e+01
1.890371569499794153e-06 1.012786610693401812e+01
2.072680187717424510e-06 1.015169641094836450e+01
2.272570763266975456e-06 1.015211238811212624e+01
2.491738911126185480e-06 1.015256848237411269e+01
2.732043772443327961e-06 1.015306856265240398e+01
2.995523785103494871e-06 1.015361687098596555e+01
3.284413975218217955e-06 1.011277074902608852e+01
3.601164916217160328e-06 1.003098223933981359e+01
3.948463516366483816e-06 9.941305994550258873e+00
4.329255811048514766e-06 9.842981316543495396e+00
4.746771953143132717e-06 9.735174145003014701e+00
5.204553613497192542e-06 9.674814238222255725e+00
5.706484023912375270e-06 9.613758251945814237e+00
6.256820917497655921e-06 9.546813988109779103e+00
6.860232645809880097e-06 9.473413577538121189e+00
7.521837779154122367e-06 9.391692890437676411e+00
8.247248525961751859e-06 9.299090946329034324e+00
9.042618339560507291e-06 9.197558412728309207e+00
9.914694116171397499e-06 9.086234017991104750e+00
1.087087342691291551e-05 9.005152367004754410e+00
1.191926726929579674e-05 8.967570899945025431e+00
1.306876887051112347e-05 8.926365052662490029e+00
1.432912912615065555e-05 8.881185287658292182e+00
1.571103931428460148e-05 8.831648357818243866e+00
1.722622178653686681e-05 8.777334055436419646e+00
1.888752940546437972e-05 8.735967933071323799e+00
2.070905457173960473e-05 8.736330183033647501e+00
2.270624876598277775e-05 8.736727368609233935e+00
2.489605361928331299e-05 8.737162859010513927e+00
2.729704462424460682e-05 8.737640348378866051e+00
2.992958870561155326e-05 8.778297496560641733e+00
3.281601698710852994e-05 8.843662006602617254e+00
3.598081422001917070e-05 8.915330310934823643e+00
3.945082648037741887e-05 8.993910351427059524e+00
4.325548889660504903e-05 9.080068700243842272e+00
4.742707533934591884e-05 9.174536214186746363e+00
5.200097219154385897e-05 9.298686985887512080e+00
5.701597852107849159e-05 9.456941502327927296e+00
6.251463520223792718e-05 9.630458183458317833e+00
6.854358577787261677e-05 9.820708922001010421e+00
7.515397212332114885e-05 1.002930756093440579e+01
8.240186826841309977e-05 1.021953036348448940e+01
9.034875605753736009e-05 1.042119493497893856e+01
9.906204668266533687e-05 1.064230816406313629e+01
1.086156525133464721e-04 1.088474569145692605e+01
1.190906140743448266e-04 1.115052443703696206e+01
1.305757874893935077e-04 1.144178123661073343e+01
1.431685982224542889e-04 1.176112702436730295e+01
1.569758675102574303e-04 1.211127071992087245e+01
1.721147184965115943e-04 1.243616241540983225e+01
1.887135697542663296e-04 1.267246664660425104e+01
2.069132246241921604e-04 1.293156020586681443e+01
2.268680656093282700e-04 1.321564091027077126e+01
2.487473639580055611e-04 1.352711853574452405e+01
2.727367155437689702e-04 1.397289759995761038e+01
2.990396152224578520e-04 1.450872256894662371e+01
3.278791830212710403e-04 1.509622283356481987e+01
3.595000568025828844e-04 1.572736925980165879e+01
3.941704674574468851e-04 1.639487331852868124e+01
4.321845142320603159e-04 1.677086995826791949e+01
4.738646594881346227e-04 1.718312794945324740e+01
5.195644640595231505e-04 1.763514435953082327e+01
5.696715864083522164e-04 1.813075351532173940e+01
6.246110710216519523e-04 1.866528651133491579e+01
6.848489539430080821e-04 1.923731728591082302e+01
7.508962160239631778e-04 1.986451506668462486e+01
8.233131174294361799e-04 2.052718082077971218e+01
9.027139501655774860e-04 2.119214107952142001e+01
9.897722489443790909e-04 2.192123052212136969e+01
1.085226504587333187e-03 2.238287572952036442e+01
1.189886428433319229e-03 2.287930059396841997e+01
1.304639820889909015e-03 2.342360098328503426e+01
1.430460102392061778e-03 2.402039404307587489e+01
1.568414570651205289e-03 2.457071956988094641e+01
1.719673454238562467e-03 2.495298992992886511e+01
1.885519839301753311e-03 2.537212668293905793e+01
2.067360553620150015e-03 2.583168524694048074e+01
2.266738100325348202e-03 2.624442263061627401e+01
2.485343742517119939e-03 2.658715298533882176e+01
2.725031849767914609e-03 2.696293647014373818e+01
2.987835628213269482e-03 2.737496074959937786e+01
3.275984367661937367e-03 2.771154225672596283e+01
3.591922352028174403e-03 2.800076477435386124e+01
3.938329593497930450e-03 2.831788009273950379e+01
4.318144566311023572e-03 2.866557821105893211e+01
4.734589133003506631e-03 2.904680855369363712e+01
5.191195874552457373e-03 2.946480498935986247e+01
5.691838056257043574e-03 2.974395382479259453e+01
6.240762483547979828e-03 2.979341580959944835e+01
6.842625526431720881e-03 2.984764793920213322e+01
7.502532618154720244e-03 2.990711024935259488e+01
8.226081563143567907e-03 2.997230714193883827e+01
9.019410021589995691e-03 3.004379166368289233e+01
9.889247573479023265e-03 3.012217019747906122e+01
1.084297280370454322e-02 3.020810760616778978e+01
1.188867589250934727e-02 3.030233287237830098e+01
1.303522724218614259e-02 3.034976444148244568e+01
1.429235272218084413e-02 3.011321854743830073e+01
1.567071617088063723e-02 2.985386001920940657e+01
1.718200985392617439e-02 2.956948879206604985e+01
1.883905364638008631e-02 2.925769262565793483e+01
2.065590378008589495e-02 2.898767963915858559e+01
2.264797207869035170e-02 2.875297892989255288e+01
2.483215669176621135e-02 2.849564353721752141e+01
2.722698543701521090e-02 2.821349055808805062e+01
2.985277296648340684e-02 2.790412656892170418e+01
3.273179308998448028e-02 2.721802018601386308e+01
3.588846771750198866e-02 2.643967304393811091e+01
3.934957402331522996e-02 2.578592724073295983e+01
4.314447158916310393e-02 2.519120281984194065e+01
4.730535145323735285e-02 2.453912280328798445e+01
5.186750917761589336e-02 2.408773757559099593e+01
5.686964425049127747e-02 2.380909674818251887e+01
6.235418836293719902e-02 2.350358362484901420e+01
6.836766534489208125e-02 2.316860662453971287e+01
7.496108581359427203e-02 2.280132423250404727e+01
8.219037988215968649e-02 2.235858539863381722e+01
9.011687159884540499e-02 2.167875418152246425e+01
9.880779914153393906e-02 2.093335961601309947e+01
1.083368851800976251e-01 2.050121807447383304e+01
1.187849622448684667e-01 2.008364598322571482e+01
1.302406584060340489e-01 1.962580297794675133e+01
1.428011490803839934e-01 1.890870103925488266e+01
1.565729813427700345e-01 1.817343756475059990e+01
1.716729777346792107e-01 1.765972302980469522e+01
1.882292272366736241e-01 1.709646554333783186e+01
2.063821718108297398e-01 1.652656837774310716e+01
2.262857977300144208e-01 1.609282749791858791e+01
2.481089417997007496e-01 1.561725637596541638e+01
2.720367235526344740e-01 1.514516668642225383e+01
2.982721155652510170e-01 1.463293943151402665e+01
3.270376652163912157e-01 1.407131265930326691e+01
3.585773824935057918e-01 1.336031074591271128e+01
3.931588098600756198e-01 1.270205349079593482e+01
4.310752917423356645e-01 1.230269652957532145e+01
4.726484628867271831e-01 1.186482533287296093e+01
5.182309766960978559e-01 1.139777293950554160e+01
5.682094966883542986e-01 1.092716664706506791e+01
6.230079764532607811e-01 1.059945283228104351e+01
6.830912559303252696e-01 1.031796365677246285e+01
7.489690045139836272e-01 1.000932748886398116e+01
8.212000444343040551e-01 9.680149894446127945e+00
9.003970910872483024e-01 9.324471119551963838e+00
9.872319505253455141e-01 8.892482767576952440e+00
1.082441218197624400e+00 8.337132984896619803e+00
1.186832527279591876e+00 8.011129073791517285e+00
1.301291399596071541e+00 7.716682782230460447e+00
1.426788757251326034e+00 7.393839905881582908e+00
1.564389158685509429e+00 7.145639798078266658e+00
1.715259829021533733e+00 6.908255877049989557e+00
1.880680561304271636e+00 6.647978501989709521e+00
2.062054572621455861e+00 6.004469087303517583e+00
2.260920407195680770e+00 5.695922831050793889e+00
2.478964987418051269e+00 5.447911529340297321e+00
2.718037923531687827e+00 5.256118411885147168e+00
2.980167203350097882e+00 5.048894546143777973e+00
3.267576395101759346e+00 4.784374708117844932e+00
3.582703509327866520e+00 4.420550534336135762e+00
3.928221679833281410e+00 4.188226504944024597e+00
4.307061839121352875e+00 3.997687638046834468e+00
4.722437580661875245e+00 3.857155788581928757e+00
5.177872418891740658e+00 3.703070959530954109e+00
