# z=1160.72
1.303470028236606230e-20 3.346494872657761880e+04
1.322961195402173544e-20 3.566427277928138210e+04
1.342743819670137374e-20 3.789648396543318813e+04
1.362822259283458724e-20 4.016207405592032592e+04
1.383200937655209127e-20 4.246154217522728868e+04
1.403884344343044697e-20 4.479539491139238817e+04
1.424877036038251209e-20 4.716414642760865536e+04
1.446183637569681421e-20 4.956831857550503628e+04
1.467808842922602710e-20 5.285128628687132732e+04
1.489757416272775204e-20 5.691053293241551000e+04
1.512034193036103758e-20 6.103047867592176772e+04
1.534644080933876736e-20 6.521203116869203222e+04
1.557592061073931916e-20 6.945611163439581287e+04
1.580883189048101031e-20 7.376365507203536981e+04
1.604522596045954589e-20 7.816112793755647726e+04
1.628515489985196665e-20 8.268196098157057713e+04
1.652867156659081599e-20 8.727039535947010154e+04
1.677582960900871265e-20 9.192744193370241555e+04
1.702668347765701540e-20 9.665412668242782820e+04
1.728128843730244968e-20 1.014514909255646926e+05
1.753970057910191894e-20 1.063205915541919094e+05
1.780197683295930117e-20 1.112625012633803126e+05
1.806817498006835363e-20 1.169346454459055822e+05
1.833835366564186088e-20 1.228046681384749827e+05
1.861257241183111892e-20 1.287624669908975193e+05
1.889089163083994729e-20 1.348093545456728898e+05
1.917337263823345782e-20 1.409466629721313948e+05
1.946007766644580500e-20 1.471757443599092658e+05
1.975106987849133267e-20 1.534979710168432503e+05
2.004641338187936069e-20 1.610249549099349533e+05
2.034617324273697807e-20 1.703001407185020216e+05
2.065041550014452193e-20 1.797140210832691810e+05
2.095920718068395302e-20 1.892686699443564285e+05
2.127261631320473189e-20 1.989661922540988890e+05
2.159071194381204068e-20 2.088087244408131810e+05
2.191356415107759724e-20 2.187984348794512916e+05
2.224124406147789154e-20 2.289375243692912045e+05
2.257382386506487274e-20 2.380432577544775559e+05
2.291137683136938795e-20 2.472243257629207801e+05
2.325397732554236498e-20 2.565426809566676675e+05
2.360170082473907149e-20 2.660003762310110615e+05
2.395462393474666733e-20 2.755994951787851751e+05
2.431282440686039735e-20 2.853421525493793306e+05
2.467638115501385956e-20 3.048329927782823797e+05
2.504537427316370973e-20 3.277536003230199567e+05
2.541988505293426109e-20 3.510169463914645603e+05
2.579999600152778728e-20 3.746281560526484391e+05
2.618579085990081416e-20 3.985924310122554307e+05
2.657735462121214540e-20 4.255068554125618539e+05
2.697477354954891999e-20 4.536053249080034439e+05
2.737813519892943506e-20 4.821239590057358146e+05
2.778752843259339258e-20 5.110690405495090527e+05
2.820304344257843557e-20 5.404469463322680676e+05
2.862477176958931735e-20 5.864292106533033075e+05
2.905280632316633623e-20 6.374039613221954787e+05
2.948724140215321614e-20 6.891409522919956362e+05
2.992817271547105972e-20 7.412372631365862908e+05
3.037569740320506036e-20 7.849221350208090153e+05
3.082991405800444272e-20 8.292602395241860067e+05
3.129092274680228207e-20 8.742613446243752260e+05
3.175882503286241886e-20 9.199353643625248224e+05
3.223372399815378128e-20 9.677997935120580951e+05
3.271572426605923593e-20 1.036109773377727484e+06
3.320493202442636321e-20 1.105441212277970277e+06
3.370145504896059084e-20 1.175809384387425147e+06
3.420540272696804619e-20 1.247229792279797141e+06
3.471688608145593944e-20 1.319718170343409525e+06
3.523601779559088081e-20 1.393290488247482339e+06
3.576291223752284763e-20 1.469525312076560920e+06
3.629768548558293832e-20 1.547182015577071812e+06
3.684045535385539471e-20 1.625999942394362995e+06
3.739134141813187331e-20 1.705996456638985081e+06
3.795046504225660219e-20 1.787189182072225492e+06
3.851794940486274224e-20 1.869596005988610676e+06
3.909391952650850543e-20 1.947420448477895232e+06
3.967850229722189513e-20 2.023087389579237904e+06
4.027182650445448386e-20 2.099885800500384532e+06
4.087402286145316603e-20 2.177832600439178292e+06
4.148522403605906988e-20 2.256944961591284722e+06
4.210556467993424254e-20 2.337240312933216803e+06
4.273518145822523828e-20 2.439810638983909506e+06
4.337421307967340221e-20 2.570749204635866918e+06
4.402280032717232475e-20 2.703645732815809548e+06
4.468108608878214479e-20 2.838529501507822890e+06
4.534921538921089081e-20 2.975430226498444099e+06
4.602733542176331747e-20 3.114378067923027091e+06
4.671559558076743299e-20 3.266383004939486738e+06
4.741414749448930394e-20 3.457319717046509963e+06
4.812314505853664299e-20 3.651111561449052766e+06
4.884274446976186248e-20 3.847801231772106607e+06
4.957310426067560787e-20 4.047432060051200911e+06
5.031438533437136066e-20 4.271656480429751799e+06
5.106675099997221512e-20 4.561250692998557352e+06
5.183036700861142052e-20 4.855175292216144502e+06
5.260540158994721240e-20 5.153495031616115011e+06
5.339202548922366302e-20 5.456275633010039106e+06
5.419041200488950991e-20 5.770459678836610168e+06
5.500073702677573270e-20 6.107055752034071833e+06
5.582317907484383119e-20 6.448685044398523867e+06
5.665791933851767829e-20 6.795422819123047404e+06
5.750514171659941114e-20 7.147345464833186939e+06
5.836503285778216196e-20 7.517694550093824975e+06
5.923778220177273085e-20 7.923218340988229029e+06
6.012358202102509144e-20 8.334806047298410907e+06
6.102262746309780144e-20 8.752548344518173486e+06
6.193511659364916091e-20 9.176537264039061964e+06
6.286125044007103291e-20 9.606866213424867019e+06
6.380123303577488035e-20 1.005777176367255300e+07
6.475527146514480051e-20 1.064475151346258819e+07
6.572357590915801472e-20 1.124050854249844141e+07
6.670635969168754639e-20 1.184517409999372438e+07
6.770383932650208579e-20 1.245888139777079411e+07
6.871623456496379973e-20 1.308176563960720040e+07
6.974376844443933722e-20 1.371396405102095380e+07
7.078666733743976346e-20 1.435561590950424969e+07
7.184516100149028891e-20 1.489813322808795609e+07
7.291948262974559804e-20 1.538837779185331427e+07
7.400986890236732875e-20 1.588595312543874234e+07
7.511656003866456913e-20 1.639096884798183851e+07
7.623979985001389844e-20 1.690353621778626740e+07
7.737983579357629362e-20 1.742376815683437139e+07
7.853691902681180413e-20 1.795177927566381171e+07
7.971130446280922023e-20 1.848768589861613512e+07
8.090325082644898271e-20 1.903160608946554735e+07
8.211302071140009256e-20 1.958365967742829770e+07
8.334088063796917242e-20 2.068690176197801530e+07
8.458710111182067430e-20 2.199776663458919525e+07
8.585195668356911222e-20 2.332823325162949041e+07
8.713572600926223011e-20 2.467859472369384021e+07
8.843869191177495396e-20 2.604914854434755072e+07
8.976114144311513941e-20 2.744019665566395596e+07
9.110336594766072316e-20 2.885204551474184543e+07
9.246566112634923468e-20 3.099462494848169014e+07
9.384832710182053487e-20 3.500999603594313562e+07
9.525166848453347350e-20 3.908541013735903800e+07
9.667599443987814403e-20 4.322176509341588616e+07
9.812161875628485538e-20 4.662602219957906753e+07
9.958885991435131871e-20 4.931902681379634887e+07
1.010780411570108957e-19 5.205230071075610071e+07
1.025894905607426907e-19 5.482644604877918959e+07
1.041235411078465375e-19 5.764207399043080211e+07
1.056805307598061249e-19 6.187544351539950073e+07
1.072608025317417164e-19 6.735222157516971231e+07
1.088647045679760223e-19 7.291089549320690334e+07
1.104925902187378863e-19 7.855268988214743137e+07
1.121448181180050998e-19 8.603892257943338156e+07
1.138217522625111157e-19 9.410104132698944211e+07
1.155237620919413493e-19 1.022837152854926139e+08
1.172512225703205222e-19 1.105887471521467716e+08
1.190045142686167844e-19 1.190179665803984404e+08
1.207840234485898432e-19 1.295934431149278283e+08
1.225901421478839645e-19 1.408559610043320358e+08
1.244232682663936293e-19 1.522868906056467295e+08
1.262838056539294092e-19 1.641402900562065244e+08
1.281721641991857461e-19 1.813967080796265602e+08
1.300887599200391167e-19 1.989111663502905071e+08
1.320340150552055668e-19 2.166875234192177653e+08
1.340083581572598767e-19 2.373944436472851932e+08
1.360122241870449850e-19 2.649189522759671807e+08
1.380460546095033972e-19 2.928550429028618932e+08
1.401102974909315445e-19 3.212088700335395932e+08
1.422054075976883637e-19 3.523487986874979734e+08
1.443318464963912972e-19 3.860553476492143869e+08
1.464900826555932121e-19 4.202659204596813917e+08
1.486805915489972717e-19 4.549880539344010949e+08
1.509038557602036183e-19 4.902293975890759826e+08
1.531603650890217899e-19 5.280708975454735756e+08
1.554506166593843786e-19 5.683139912991495132e+08
1.577751150288630145e-19 6.091588517606514692e+08
1.601343722998218958e-19 6.506144773228724003e+08
1.625289082322449281e-19 6.926900009343636036e+08
1.649592503582386150e-19 7.477232740162314177e+08
1.674259340982466915e-19 8.138741357566363811e+08
1.699295028790148735e-19 8.810141706091173887e+08
1.724705082533074339e-19 9.491581699675040245e+08
1.750495100214135687e-19 9.976503915697455406e+08
1.776670763544836382e-19 1.041639116581243753e+09
1.803237839196967979e-19 1.086285617816251993e+09
1.830202180073001290e-19 1.131599731194267273e+09
1.857569726595607698e-19 1.177591439714231968e+09
1.885346508016331209e-19 1.224270875653783083e+09
1.913538643743823846e-19 1.271648322801377773e+09
1.942152344692084970e-19 1.325566955921393871e+09
1.971193914648722071e-19 1.390821751965060472e+09
2.000669751663666635e-19 1.457052321989288092e+09
2.030586349458803674e-19 1.524273257026786804e+09
2.060950298858535158e-19 1.592499366294232368e+09
2.091768289241729450e-19 1.661745680454718113e+09
2.123047110015537511e-19 1.732027454929337502e+09
2.154793652111094651e-19 1.803360173257941723e+09
2.187014909501584492e-19 1.875759550510147810e+09
2.219717980743162759e-19 1.948610730290783882e+09
2.252910070538764244e-19 2.022241592178221226e+09
2.286598491325291045e-19 2.096973477799576283e+09
2.320790664884701597e-19 2.172822851083624840e+09
2.355494123979021186e-19 2.249806422149065971e+09
2.390716514009805053e-19 2.327941150985747337e+09
2.426465594702582712e-19 2.407244251191314220e+09
2.462749241816321563e-19 2.487733193763356209e+09
2.499575448878447579e-19 2.569425710948245525e+09
