# z=1e10
1.229906448687483985e-22 7.965539307024490654e+02
1.259825034994678825e-22 8.510957960084640490e+02
1.290471417962801032e-22 9.069644414986389620e+02
1.321863301903640701e-22 9.641921423005177303e+02
1.354018821802346780e-22 1.022811958663243104e+03
1.386956553793976742e-22 1.082857755056406177e+03
1.420695525894901193e-22 1.198363580395581266e+03
1.455255228995159054e-22 1.349945554703705284e+03
1.490655628118308947e-22 1.505214897580166735e+03
1.526917173955195210e-22 1.664931401264921533e+03
1.564060814678168767e-22 1.846675275031017009e+03
1.602108008042811577e-22 2.032840232838747625e+03
1.641080733784048835e-22 2.287597422620234738e+03
1.681001506313690600e-22 2.670650473093628534e+03
1.721893387726967401e-22 3.063021635333071117e+03
1.763780001125469181e-22 3.428969405373704376e+03
1.806685544264047203e-22 3.784869809197788527e+03
1.850634803529815199e-22 4.149427812109824117e+03
1.895653168261207882e-22 4.350207519759758725e+03
1.941766645415226040e-22 4.550182497087311276e+03
1.989001874591611103e-22 4.755022046533134926e+03
2.037386143422501581e-22 4.964844503212145355e+03
2.086947403336309073e-22 5.179771080847703161e+03
2.137714285705211449e-22 5.399925941796573170e+03
2.189716118385450636e-22 5.790114556550825910e+03
2.242982942659836611e-22 6.263388379957996221e+03
2.297545530592540988e-22 6.748175017000263324e+03
2.353435402806072461e-22 7.244754527278213573e+03
2.410684846690525484e-22 7.753413783094937571e+03
2.469326935055946116e-22 8.263921256416857432e+03
2.529395545238446218e-22 8.763715656467655208e+03
2.590925378670906863e-22 9.275668007157488319e+03
2.653951980929935172e-22 9.800074061627323317e+03
2.718511762270490016e-22 1.033723676748119760e+04
2.784642018659836102e-22 1.126874596472292978e+04
2.852380953323358130e-22 1.230009155546997863e+04
2.921767698814508610e-22 1.335652556013882349e+04
2.992842339621410691e-22 1.427785982056673674e+04
3.065645935323599410e-22 1.472745499400224980e+04
3.140220544312080036e-22 1.518798697650505346e+04
3.216609248086166244e-22 1.565972181584337886e+04
3.294856176141591468e-22 1.614293203163794533e+04
3.375006531464050625e-22 1.663789677279613170e+04
3.457106616642651017e-22 1.714490197877435276e+04
3.541203860618841582e-22 1.761353437497873892e+04
3.627346846086036586e-22 1.747470487799861075e+04
3.715585337555505737e-22 1.733249822799045069e+04
3.805970310105242981e-22 1.718683227265365713e+04
3.898553978828194726e-22 1.703762286125849641e+04
3.993389828996523983e-22 1.688478379603285794e+04
4.090532646960123550e-22 1.672822678236568754e+04
4.190038551796281369e-22 1.656786137779984711e+04
4.291965027729574921e-22 1.640359493978365936e+04
4.396370957340418415e-22 1.623533257215146659e+04
4.503316655581126642e-22 1.606297707030274069e+04
4.612863904619756298e-22 1.591543476313586143e+04
4.725075989531571373e-22 1.582673830478494347e+04
4.840017734858393879e-22 1.573588422489529330e+04
4.957755542057629836e-22 1.564282003737233208e+04
5.078357427862290206e-22 1.554749197934969015e+04
5.201893063573790112e-22 1.544984498013075245e+04
5.328433815310934653e-22 1.534982262937443375e+04
5.458052785238021927e-22 1.524736714450698855e+04
5.590824853795458415e-22 1.514241933734143458e+04
5.726826722958056420e-22 1.500634272853705806e+04
5.866136960545651905e-22 1.481460430231607279e+04
6.008836045611190810e-22 1.461820166552897535e+04
6.155006414933336186e-22 1.441702135703696149e+04
6.304732510640076745e-22 1.421094715565623665e+04
6.458100828990354398e-22 1.399986001301784381e+04
6.615199970342805668e-22 1.378363798479362958e+04
6.776120690340057360e-22 1.356215616024918563e+04
6.940955952337630949e-22 1.333528659008378054e+04
7.109800981108713488e-22 1.310289821251427020e+04
7.282753317855366357e-22 1.286485677756090990e+04
7.459912876557403324e-22 1.275013492067295374e+04
7.641382001692521324e-22 1.272006348090024221e+04
7.827265527360556415e-22 1.268926052616784000e+04
8.017670837845411649e-22 1.265770826171301087e+04
8.212707929650777432e-22 1.262538845989932452e+04
8.412489475044945905e-22 1.259228244968658510e+04
8.617130887150796646e-22 1.255837110584469701e+04
8.826750386619763839e-22 1.252363483790504870e+04
9.041469069927725162e-22 1.248805357884313526e+04
9.261410979331598051e-22 1.238531582289456128e+04
9.486703174528344249e-22 1.224153668658889728e+04
9.717475806057153495e-22 1.209425999280364886e+04
9.953862190486520388e-22 1.194340066029107766e+04
1.019599888743099045e-21 1.178887153812517499e+04
1.044402577844144291e-21 1.167121205881095193e+04
1.069808614781370323e-21 1.166972308719464490e+04
1.095832676536362024e-21 1.166819789499761282e+04
1.122489797121578222e-21 1.166663560112147934e+04
1.149795376265395583e-21 1.166503530303435946e+04
1.177765188308505464e-21 1.166339607624946075e+04
1.206415391316726977e-21 1.166171697379101533e+04
1.235762536415409961e-21 1.165999702564721338e+04
1.265823577350991040e-21 1.165823523820983064e+04
1.296615880285147293e-21 1.165643059370022274e+04
1.328157233827108837e-21 1.165458204958136230e+04
1.360465859310106542e-21 1.165288146465467980e+04
1.393560421317809031e-21 1.165133477061992198e+04
1.427460038466724031e-21 1.164975045185442286e+04
1.462184294450989642e-21 1.164812759310259025e+04
1.497753249355845421e-21 1.164646525684441258e+04
1.534187451246204318e-21 1.164476248275385842e+04
1.571507948037234551e-21 1.164301828714409385e+04
1.609736299653708901e-21 1.164123166239921738e+04
1.648894590485023386e-21 1.161410328084709909e+04
1.689005442143311403e-21 1.155270942249288419e+04
1.730092026531915096e-21 1.148982210302877138e+04
1.772178079231633092e-21 1.142540499266306324e+04
1.815287913212724806e-21 1.135942087784903742e+04
1.859446432880477724e-21 1.129183163978673292e+04
1.904679148462307705e-21 1.122259823240198784e+04
1.951012190744976420e-21 1.115168065978958475e+04
1.998472326170304478e-21 1.107903795310767964e+04
2.047086972297962279e-21 1.100462814691038329e+04
2.096884213644545078e-21 1.092840825490440147e+04
2.147892817907957042e-21 1.085033424511590420e+04
2.200142252586310766e-21 1.077036101445357781e+04
2.253662702001250262e-21 1.075962430273545215e+04
2.308485084735388390e-21 1.075818289553192699e+04
2.364641071493757690e-21 1.075670642479502021e+04
2.422163103399921797e-21 1.075519403757258078e+04
2.481084410737165496e-21 1.075364486016362207e+04
2.541439032145396293e-21 1.075205799761360140e+04
2.603261834285211519e-21 1.075043253319738869e+04
2.666588531980313005e-21 1.074876752788968952e+04
2.731455708849714347e-21 1.089857278613397648e+04
2.797900838442035462e-21 1.108675670957513103e+04
2.865962305883914742e-21 1.127951837708876337e+04
2.935679430054805698e-21 1.147696914643798300e+04
3.007092486301548198e-21 1.167922308426443669e+04
3.080242729705133910e-21 1.188639703198374445e+04
3.155172418913722613e-21 1.205786675790316076e+04
3.231924840555267866e-21 1.219845667993031202e+04
3.310544334244164940e-21 1.234246657891639734e+04
3.391076318195906167e-21 1.248997964889279501e+04
3.473567315465250849e-21 1.264108110766112259e+04
3.558064980822239092e-21 1.279585824602290631e+04
3.644618128282308243e-21 1.295440047820739710e+04
3.733276759305918631e-21 1.311679939352574547e+04
3.824092091684356541e-21 1.328314880928207458e+04
3.917116589127861404e-21 1.336924494024458727e+04
4.012403991573983828e-21 1.339477948420016946e+04
4.110009346232744990e-21 1.342093517902293024e+04
4.209989039387346622e-21 1.344772713476928584e+04
4.312400828968275784e-21 1.347517082906143150e+04
4.417303877920000527e-21 1.350328211602874035e+04
4.524758788378959026e-21 1.353207723546657871e+04
4.634827636683495535e-21 1.356157282221805508e+04
4.747574009234893373e-21 1.359178591578384840e+04
4.863063039231134783e-21 1.362273397016589479e+04
4.981361444294245649e-21 1.369197299113749614e+04
5.102537565012610401e-21 1.377794957463017272e+04
5.226661404421204281e-21 1.386601761624661776e+04
5.353804668442249996e-21 1.395622799259661770e+04
5.484040807309224873e-21 1.404863281790939254e+04
5.617445057998938857e-21 1.414328547413990236e+04
5.754094487695823697e-21 1.424024064180752066e+04
5.894068038313107031e-21 1.433955433158459709e+04
6.037446572097423628e-21 1.444128391665371601e+04
6.184312918342812685e-21 1.454548816585210625e+04
6.334751921240627847e-21 1.465222727762199429e+04
6.488850488893880282e-21 1.476156291478712774e+04
6.646697643523917443e-21 1.470677251213424643e+04
6.808384572897948090e-21 1.380662501134626109e+04
6.974004683008053127e-21 1.288458060878995457e+04
7.143653652031691416e-21 1.194010664253245886e+04
7.317429485604318353e-21 1.097462395821543214e+04
7.495432573437070891e-21 9.987089852848323062e+03
7.677765747311758805e-21 8.975533087550713390e+03
7.864534340486066999e-21 8.282606980818383818e+03
8.055846248544396938e-21 7.614931588177814774e+03
8.251811991728988365e-21 6.931014387974155397e+03
8.452544778786698242e-21 5.799351856892429169e+03
8.658160572369489056e-21 4.365831384571497438e+03
8.868778156025893249e-21 3.937450560630413747e+03
9.084519202821432210e-21 3.498648985853280465e+03
9.305508345628951935e-21 3.147679441458490601e+03
9.531873249128829391e-21 2.826804501436332885e+03
9.763744683559989134e-21 2.500476814877758898e+03
1.000125660026563686e-20 2.239351625506126766e+03
1.024454620907675441e-20 2.007243564199721959e+03
1.049375405757726000e-20 1.883635352938134247e+03
1.074902411229811960e-20 1.757020260185029656e+03
1.101050384188657926e-20 1.627325140829558904e+03
1.127834430229779846e-20 1.528750012804035578e+03
1.155270022405959801e-20 1.446198045993594633e+03
1.183373010166006879e-20 1.361637927956271596e+03
1.212159628510873236e-20 1.275020808597956375e+03
1.241646507372585805e-20 1.187961245810520950e+03
1.271850681221334202e-20 1.106941606296300961e+03
1.302789598906165052e-20 1.023951090802065892e+03
1.334481133735152919e-20 9.389417559877867916e+02
1.366943593800782894e-20 8.545969055881083705e+02
1.400195732556408989e-20 7.701573685625378403e+02
1.434256759650092010e-20 6.836637634581328484e+02
1.469146352021984993e-20 5.950661232117573718e+02
