# z=0
5.539860571817697583e-19 3.241046202644596974e+02
5.681862077938350454e-19 3.326963420182753453e+02
5.827503464066655286e-19 3.415082926773848158e+02
5.976878030103662362e-19 3.505461173001496604e+02
6.130081467477481825e-19 3.598156056429394312e+02
6.287211920444599579e-19 3.693226958691334971e+02
6.448370048962250328e-19 3.790734783531788139e+02
6.613659093172889305e-19 3.890741995821870205e+02
6.783184939541069530e-19 3.993471479146918455e+02
6.957056188685832673e-19 4.107892541071587402e+02
7.135384224951781325e-19 4.225246522140086540e+02
7.318283287763437216e-19 4.345608600947678042e+02
7.505870544808616576e-19 4.469055883118951442e+02
7.698266167097735413e-19 4.595667450702788983e+02
7.895593405946793326e-19 4.725524412833276529e+02
8.097978671934249656e-19 4.858709957689579824e+02
8.305551615881156448e-19 4.995309405787294281e+02
8.518445211907342789e-19 5.135410264635995645e+02
8.736795842616485507e-19 5.285266392479228443e+02
8.960743386464712581e-19 5.447162039037466457e+02
9.190431307368680772e-19 5.613207505856993293e+02
9.426006746610644419e-19 5.783509163977279286e+02
9.667620617098899970e-19 5.958176111013073069e+02
9.915427700045157032e-19 6.137320241044186560e+02
1.016958674411923503e-18 6.321056316296177329e+02
1.043026056714574667e-18 6.509502040658690021e+02
1.069761616040747170e-18 6.679885124001865506e+02
1.097182479562228931e-18 6.825076891485510941e+02
1.125306213466223034e-18 6.973990313944351556e+02
1.154150834208501883e-18 7.126720787391548129e+02
1.183734820054961872e-18 7.283366153096156950e+02
1.214077122919113538e-18 7.444026760261900790e+02
1.245197180502905318e-18 7.608805530312079100e+02
1.277114928748794326e-18 7.777808022822505336e+02
1.309850814610989562e-18 7.951142503144450302e+02
1.343425809154055452e-18 8.128920011760928901e+02
1.377861420987268144e-18 8.305983122586642367e+02
1.413179710043329623e-18 8.486820358671773192e+02
1.449403301710280809e-18 8.672292938833567177e+02
1.486555401325592525e-18 8.862519679390790088e+02
1.524659809041897968e-18 9.057622442243765590e+02
1.563740935073656404e-18 9.257726212940576715e+02
1.603823815334687998e-18 9.462959180744609284e+02
1.644934127476528188e-18 9.673452820754371260e+02
1.687098207337889899e-18 9.889341978128283017e+02
1.730343065815768256e-18 1.011074425575433679e+03
1.774696406169012482e-18 1.033777498641490411e+03
1.820186641765361462e-18 1.057062512449035466e+03
1.866842914283528592e-18 1.080944383702331379e+03
1.914695112381711237e-18 1.105438411460829002e+03
1.963773890844694355e-18 1.130560286939964499e+03
2.014110690221734613e-18 1.156326103563171500e+03
2.065737756967812100e-18 1.182752367271551748e+03
2.118688164101160303e-18 1.207353096865541147e+03
2.172995832390301247e-18 1.227608637123737026e+03
2.228695552084182095e-18 1.248383381283673998e+03
2.285823005199218658e-18 1.269690637935884070e+03
2.344414788377802377e-18 1.291544056805841137e+03
2.404508436332546928e-18 1.313957637498138411e+03
2.466142445891564793e-18 1.336945738464836495e+03
2.529356300660074156e-18 1.360523086203688081e+03
2.594190496314143764e-18 1.384704784692137991e+03
2.660686566542789398e-18 1.409506325063140594e+03
2.728887109655054661e-18 1.439787423010492148e+03
2.798835815868992689e-18 1.472165267593956742e+03
2.870577495300361320e-18 1.505373043298644916e+03
2.944158106668520319e-18 1.539432023488329150e+03
3.019624786738247630e-18 1.574364026820233448e+03
3.097025880516208150e-18 1.610191431222369602e+03
3.176410972221439896e-18 1.646937188229150706e+03
3.257830917049693467e-18 1.684624837684461909e+03
3.341337873752007303e-18 1.712486230524443044e+03
3.426985338048222889e-18 1.738589093930864692e+03
3.514828176897247192e-18 1.765361043836796625e+03
3.604922663645485996e-18 1.792819230726339356e+03
3.697326514076359774e-18 1.820981244696565909e+03
3.792098923383837990e-18 1.849865126725982691e+03
3.889300604093706574e-18 1.879489380231832456e+03
3.988993824956855711e-18 1.909872982923639938e+03
4.091242450839544526e-18 1.941035398960609200e+03
4.196111983635989439e-18 1.972226885849411019e+03
4.303669604229991157e-18 2.002120738204340341e+03
4.413984215531808349e-18 2.032780850287851990e+03
4.527126486618362697e-18 2.064226863394908833e+03
4.643168898004824552e-18 2.096478922279617109e+03
4.762185788076648423e-18 2.129557688060238888e+03
4.884253400711775393e-18 2.163484351454991156e+03
5.009449934123523061e-18 2.198280646357115984e+03
5.137855590955492491e-18 2.233968863757926556e+03
5.269552629660333967e-18 2.270571866026679345e+03
5.404625417195905058e-18 2.300486873978360109e+03
5.543160483071754412e-18 2.328260522503856919e+03
5.685246574781172702e-18 2.356746084239074207e+03
5.830974714654072196e-18 2.385961807431724537e+03
5.980438258167162057e-18 2.415926408081122645e+03
6.133732953748764676e-18 2.446659081927915850e+03
6.290957004116644516e-18 2.478179516751152732e+03
6.452211129187832585e-18 2.510507904980507647e+03
6.617598630601517395e-18 2.543664956631894256e+03
6.787225457895305936e-18 2.570295424200759044e+03
6.961200276378029417e-18 2.566188601863245367e+03
7.139634536742248452e-18 2.561976510638593481e+03
7.322642546461124633e-18 2.557656452202481432e+03
7.510341543015378541e-18 2.553225659065287346e+03
7.702851768997315302e-18 2.548681292799195035e+03
7.900296549139654590e-18 2.544020442219864890e+03
8.102802369319446455e-18 2.539240121521479523e+03
8.310498957586438435e-18 2.534337268363998191e+03
8.523519367268732220e-18 2.529308741911381730e+03
8.742000062208603566e-18 2.524151320819526063e+03
8.966081004183132581e-18 2.518861701172625999e+03
9.195905742565679695e-18 2.513436494366640090e+03
9.431621506285678598e-18 2.507872224938501859e+03
9.673379298145243584e-18 2.502165328339696316e+03
9.921333991554119356e-18 2.447918661018849889e+03
1.017564442974344442e-17 2.390327640786779284e+03
1.043647352752301159e-17 2.331260408020844352e+03
1.070398837564676763e-17 2.270679123428802086e+03
1.097836034785347737e-17 2.210995056846947591e+03
1.125976521065112462e-17 2.157013932696821030e+03
1.154838323591539257e-17 2.101649127345329816e+03
1.184439931637442753e-17 2.044865173326797276e+03
1.214800308405332250e-17 1.986625694049193044e+03
1.245938903175559661e-17 1.926893380490673280e+03
1.277875663765762291e-17 1.865629967298973042e+03
1.310631049309721710e-17 1.756759664332592820e+03
1.344226043363770164e-17 1.644496010606713071e+03
1.378682167349148951e-17 1.529354737903781825e+03
1.414021494338930927e-17 1.458968012134684386e+03
1.450266663198350228e-17 1.392518976018374588e+03
1.487440893087527607e-17 1.324366672629118739e+03
1.525567998336058328e-17 1.265532867698731479e+03
1.564672403698757004e-17 1.208351791265202110e+03
1.604779160002507192e-17 1.149705010258444418e+03
1.645913960194170343e-17 1.105091745344568153e+03
1.688103155799845024e-17 1.067218156234931030e+03
1.731373773806022219e-17 1.028373765310692079e+03
1.775753533973449318e-17 9.885336883138389794e+02
1.821270866594809711e-17 9.476724031359768787e+02
1.867954930707504878e-17 9.092711409271986440e+02
1.915835632773429799e-17 8.699569053645664098e+02
1.964943645837408214e-17 8.296349403492698684e+02
2.015310429176789010e-17 7.882794150687483352e+02
2.066968248454696708e-17 7.463420436313876962e+02
2.119950196389864746e-17 7.044094980551761864e+02
2.174290213956310570e-17 6.614021087080465122e+02
2.230023112126325121e-17 6.139223631705492608e+02
2.287184594170972204e-17 5.524708371022182973e+02
2.345811278532031598e-17 5.180537345005742509e+02
2.405940722280300336e-17 4.960976382367722408e+02
2.467611445175175772e-17 4.735787482532418835e+02
2.530862954340950081e-17 4.504826386353231555e+02
2.595735769575623288e-17 4.267835511655074470e+02
2.662271449308453017e-17 4.016958285351796576e+02
2.730512617222882523e-17 3.759650401900190673e+02
2.800502989561779487e-17 3.495747026285433776e+02
2.872287403132802724e-17 3.299369655086151738e+02
2.945911844031395971e-17 3.104451751713651788e+02
3.021423477100145426e-17 2.904537578942318987e+02
3.098870676143234017e-17 2.730292485727957228e+02
3.178303054915374046e-17 2.558333496928481168e+02
3.259771498905070373e-17 2.381966737376663446e+02
3.343328197932600045e-17 2.264700529260066446e+02
3.429026679583430742e-17 2.168434809030480608e+02
3.516921843498898081e-17 2.069701539828645878e+02
3.607069996545574727e-17 1.968437471746744905e+02
3.699528888886258232e-17 1.856637199667051448e+02
3.794357750975534042e-17 1.611070818800494067e+02
3.891617331503625737e-17 1.409170877778478825e+02
3.991369936312853452e-17 1.243195741725922687e+02
4.093679468311626014e-17 1.072966217139124296e+02
4.198611468411567809e-17 1.097960825371723246e+02
4.306233157513802292e-17 8.299930715724603658e+01
4.416613479571803228e-17 7.780163578387377754e+01
4.529823145757715040e-17 7.247073413263248653e+01
4.645934679760950481e-17 6.700318715365345668e+01
4.765022464247873852e-17 5.318487447133877311e+01
4.887162788512376369e-17 5.319961815538798788e+01
5.012433897347858431e-17 4.667762425381766889e+01
5.140916041171977241e-17 3.998845413094382195e+01
5.272691527436014964e-17 3.354593075539810343e+01
5.407844773352429150e-17 2.761124507013215634e+01
5.546462359973527748e-17 2.152443745061617619e+01
5.688633087656540661e-17 2.632203776408984197e+01
5.834448032950365951e-17 2.125633281848634226e+01
5.984000606940471805e-17 1.606078024900982371e+01
6.137386615089345046e-17 1.390151867236342653e+01
6.294704318610802013e-17 1.082987556526445694e+01
6.456054497417545090e-17 9.043358265321755241e+00
6.621540514681965665e-17 7.222559522199950344e+00
6.791268383052351980e-17 5.135091731313600860e+00
6.965346832565855439e-17 4.837970406448885541e+00
7.143887380302518530e-17 3.578656778517318227e+00
7.327004401824674950e-17 2.901804443517832066e+00
7.514815204447525139e-17 2.426006176982268059e+00
7.707440102387898425e-17 2.026534805881861967e+00
7.905002493838969764e-17 1.702285892249869592e+00
8.107628940021232053e-17 1.506753581021751165e+00
8.315449246259131357e-17 1.321446337901355683e+00
8.528596545136223668e-17 1.146145677239296168e+00
