# z=1e10
1.336993785341260668e-23 2.879603555096000491e+02
1.356678416007417687e-23 3.098046166221054705e+02
1.376652864538632678e-23 3.319704919536818579e+02
1.396921397938758761e-23 3.544627166475947320e+02
1.417488346034962801e-23 3.772860955628638067e+02
1.438358102402722212e-23 4.157446221827906356e+02
1.459535125304324951e-23 4.660314868076661128e+02
1.481023938641303821e-23 5.170587276170479072e+02
1.502829132920834480e-23 5.688372452089082572e+02
1.524955366236374847e-23 6.295255800230510204e+02
1.547407365262739588e-23 7.356612837781581220e+02
1.570189926265828603e-23 8.433596291489678833e+02
1.593307916127207884e-23 9.662119243458985238e+02
1.616766273383837211e-23 1.143103849570352395e+03
1.640570009282981406e-23 1.322600164025369168e+03
1.664724208852777123e-23 1.477661792773371417e+03
1.689234031988502179e-23 1.557074575855733883e+03
1.714104714554846307e-23 1.637656557570346422e+03
1.739341569504414306e-23 1.719424952090905435e+03
1.764949988012694346e-23 1.802397227036301047e+03
1.790935440629724454e-23 1.886591107202061721e+03
1.817303478448785168e-23 1.972024578346962926e+03
1.844059734292155656e-23 2.058715891034924425e+03
1.871209923914471689e-23 2.144560566640627712e+03
1.898759847223728378e-23 2.231401818663470294e+03
1.926715389520275610e-23 2.319521639062171744e+03
1.955082522754053043e-23 2.408938852266983304e+03
1.983867306800337373e-23 2.499672559861246555e+03
2.013075890754255195e-23 2.591742144661879138e+03
2.042714514244437321e-23 2.685167274860199541e+03
2.072789508765849520e-23 2.779967908223197810e+03
2.103307299032411535e-23 2.872487983475833971e+03
2.134274404349447569e-23 2.886749129731303583e+03
2.165697440006362326e-23 2.901220243602174833e+03
2.197583118689817090e-23 2.915904416452825444e+03
2.229938251917717337e-23 2.930804785161954896e+03
2.262769751494289898e-23 2.945924532792686932e+03
2.296084630986679304e-23 2.961266889272578737e+03
2.329890007223096235e-23 2.976835132083555436e+03
2.364193101813211318e-23 2.992632586962094592e+03
2.399001242690837767e-23 3.008662628609665717e+03
2.434321865679349254e-23 3.024928681413650338e+03
2.470162516080142184e-23 3.041434220178866326e+03
2.506530850284487061e-23 3.058182770869867909e+03
2.543434637409090464e-23 3.075177911364163720e+03
2.580881760955839001e-23 3.092423272216572059e+03
2.618880220495776363e-23 3.109922537434734750e+03
2.657438133378075221e-23 3.127679445266142920e+03
2.696563736464074474e-23 3.127975158349971935e+03
2.736265387886859697e-23 3.124609083801931320e+03
2.776551568836753840e-23 3.121193450359153303e+03
2.817430885373098439e-23 3.117727528363391684e+03
2.858912070262680350e-23 3.114210577413607098e+03
2.901003984845346490e-23 3.110641846207788603e+03
2.943715620926852434e-23 3.107020572382473347e+03
2.987056102699811787e-23 3.103345982349877431e+03
3.031034688692811578e-23 3.099617291132642549e+03
3.075660773748247927e-23 3.095833702196148352e+03
3.120943891029281630e-23 3.091994407278351900e+03
3.166893714056342752e-23 3.088098586217125558e+03
3.213520058773589739e-23 3.084145406775052834e+03
3.260832885645930218e-23 3.080134024461635363e+03
3.308842301786646372e-23 3.076063582352901904e+03
3.357558563116614088e-23 3.071933210908343426e+03
3.406992076555178155e-23 3.067742027785157916e+03
3.457153402243311244e-23 3.063489137649764416e+03
3.508053255799503360e-23 3.059173631986537202e+03
3.559702510608864873e-23 3.057559658223465249e+03
3.612112200145905711e-23 3.057314592744417041e+03
3.665293520331656614e-23 3.057065919153276809e+03
3.719257831925201223e-23 3.056813584327617718e+03
3.774016662950711626e-23 3.056557534362889783e+03
3.829581711160076697e-23 3.056297714560902023e+03
3.885964846531805604e-23 3.056034069418140007e+03
3.943178113806734865e-23 3.055766542613908314e+03
4.001233735061060884e-23 3.055495076998297918e+03
4.060144112317225747e-23 3.055219614579979407e+03
4.119921830193406849e-23 3.054940096513814296e+03
4.180579658591686155e-23 3.054656463088282635e+03
4.242130555426125738e-23 3.054368653712730065e+03
4.304587669390847735e-23 3.038453777261867799e+03
4.367964342768895729e-23 2.998698417280413196e+03
4.432274114282458843e-23 2.958357737017880936e+03
4.497530721985051578e-23 2.917423118772618182e+03
4.563748106196245948e-23 2.875885817964113812e+03
4.630940412479792303e-23 2.833736961264864021e+03
4.699121994665216389e-23 2.790967544704960801e+03
4.768307417914278559e-23 2.747568431748545663e+03
4.838511461832390365e-23 2.703530351342054928e+03
4.909749123625880708e-23 2.658843895933711337e+03
4.982035621305745741e-23 2.614417518160677901e+03
5.055386396938566659e-23 2.579761376365321667e+03
5.129817119945251890e-23 2.544594990349678483e+03
5.205343690448553481e-23 2.508910847760895649e+03
5.281982242669451139e-23 2.472701325641407038e+03
5.359749148373960862e-23 2.435958688800418258e+03
5.438661020370481016e-23 2.398675088161507574e+03
5.518734716058671493e-23 2.360842559085885114e+03
5.599987341030587118e-23 2.322453019670958383e+03
5.682436252724822916e-23 2.289618059579820965e+03
5.766099064134418260e-23 2.276142315425098332e+03
5.850993647569590781e-23 2.262468167171900404e+03
5.937138138475389363e-23 2.248592693706132650e+03
6.024550939306034198e-23 2.234512930905974372e+03
6.113250723456055528e-23 2.220225871008681224e+03
6.203256439249367822e-23 2.205728461968059037e+03
6.294587313987068113e-23 2.191017606802472983e+03
6.387262858054827201e-23 2.176090162933265674e+03
6.481302869090711843e-23 2.160942941513432743e+03
6.576727436214628707e-23 2.145572706746380845e+03
6.673556944319502944e-23 2.129976175194737607e+03
6.771812078426179127e-23 2.116609734144498816e+03
6.871513828102164464e-23 2.106143701572392729e+03
6.972683491945483824e-23 2.095523577045649290e+03
7.075342682134558750e-23 2.084747091860217552e+03
7.179513329045057910e-23 2.073811943909797719e+03
7.285217685934685250e-23 2.062715797194061452e+03
7.392478333697215336e-23 2.051456281319604841e+03
7.501318185685948699e-23 2.040030990993615433e+03
7.611760492608764181e-23 2.028437485510018860e+03
7.723828847494950500e-23 2.016673288228096226e+03
7.837547190735224090e-23 2.007453839560464985e+03
7.952939815195944143e-23 2.017102947603928897e+03
8.070031371408638051e-23 2.026894119978712524e+03
8.188846872835852868e-23 2.036829448305522646e+03
8.309411701214877399e-23 2.046911055000124634e+03
8.431751611979466565e-23 2.057141093726707822e+03
8.555892739762067150e-23 2.067521749857980012e+03
8.681861603976708315e-23 2.078055240942007458e+03
8.809685114484164975e-23 2.088743817175934055e+03
8.939390577340523656e-23 2.099589761886677024e+03
9.071005700630389845e-23 2.110595392018697112e+03
9.204558600385895829e-23 2.121763058628944236e+03
9.340077806593238205e-23 2.133095147389125032e+03
9.477592269286893163e-23 2.144594079095298639e+03
9.617131364734311910e-23 2.156262310185039496e+03
9.758724901711292567e-23 2.175890813826873909e+03
9.902403127869828197e-23 2.208331129037984738e+03
1.004819673619970168e-22 2.241249064736659420e+03
1.019613687158521572e-22 2.274651652954758447e+03
1.034625513745838152e-22 2.308546029257103328e+03
1.049858360255047406e-22 2.342939434265873388e+03
1.065315480774215135e-22 2.377839215207255620e+03
1.081000177301527278e-22 2.413252827481058830e+03
1.096915800450665399e-22 2.449187836253341175e+03
1.113065750166574010e-22 2.455675029954403726e+03
1.129453476451768091e-22 2.436611192433676933e+03
1.146082480103333717e-22 2.417266677018415976e+03
1.162956313460769106e-22 2.397637351273050172e+03
1.180078581164884003e-22 2.377719021919908300e+03
1.197452940927778810e-22 2.357507433943501383e+03
1.215083104314253043e-22 2.336998269681509555e+03
1.232972837534672512e-22 2.316187147902440756e+03
1.251125962249518327e-22 2.295069622869698833e+03
1.269546356385783004e-22 2.273641183391870527e+03
1.288237954965383887e-22 2.251531083445513559e+03
1.307204750945764804e-22 2.227804459507538468e+03
1.326450796072927158e-22 2.203728507222406733e+03
1.345980201746911861e-22 2.179298083410283198e+03
1.365797139900132235e-22 2.154507969168008003e+03
1.385905843888584699e-22 2.129352868754232986e+03
1.406310609396191363e-22 2.103827408458127138e+03
1.427015795352456983e-22 2.077926135451431037e+03
1.448025824863626468e-22 2.051643516623616506e+03
1.469345186157607891e-22 2.024973937399832721e+03
1.490978433542692754e-22 1.997911700541586924e+03
1.512930188380507725e-22 1.970451024929627465e+03
1.535205140073232644e-22 1.942586044328975277e+03
1.557808047065365270e-22 1.914310806135761595e+03
1.580743737860234729e-22 1.885619270105614760e+03
1.604017112051482284e-22 1.866578819573695000e+03
1.627633141369726681e-22 1.858186006132546936e+03
1.651596870744627524e-22 1.849669624852382640e+03
1.675913419382653260e-22 1.841027856437321589e+03
1.700587981860581271e-22 1.832258854805907504e+03
1.725625829235232014e-22 1.823360746696723936e+03
1.751032310169477177e-22 1.814331631268226374e+03
1.776812852074835703e-22 1.805169579692679690e+03
1.802972962270895608e-22 1.795872634744114748e+03
1.829518229161789398e-22 1.786438810380226187e+03
1.856454323430065629e-22 1.776866091318085864e+03
1.883786999247989522e-22 1.767152432603663328e+03
1.911522095506825583e-22 1.757295759174956629e+03
1.939665537064144783e-22 1.747908163767667247e+03
1.968223336009512010e-22 1.740643832882827837e+03
1.997201592948806738e-22 1.733272548867709929e+03
2.026606498307453186e-22 1.725792737045684135e+03
2.056444333652838758e-22 1.718202799556072250e+03
2.086721473036185052e-22 1.710501115012813216e+03
2.117444384354260021e-22 1.702686038158079555e+03
2.148619630730968935e-22 1.694755899510838162e+03
2.180253871919456529e-22 1.686709005010193550e+03
2.212353865724767149e-22 1.678543635653501497e+03
2.244926469447470301e-22 1.670258047129150100e+03
2.277978641348534441e-22 1.661850469443935253e+03
2.311517442135756981e-22 1.653319106544953002e+03
2.345550036472168979e-22 1.644662135935902825e+03
2.380083694506459202e-22 1.635877708287788209e+03
2.415125793426121889e-22 1.626963947043839198e+03
2.450683819033375268e-22 1.617918948018639867e+03
