# z=0
2.454614342521261278e+04 1.018979065735257317e+00
2.742046318308212358e+04 1.166320734860764485e+00
3.063136184572545608e+04 1.330915911528720130e+00
3.421825234165509028e+04 1.454416003312295036e+00
3.822516279930194287e+04 1.589918578630163282e+00
4.270127698060170951e+04 1.741288319829507714e+00
4.770153799861289735e+04 1.951315597279849046e+00
5.328732272964091680e+04 2.184465699627883950e+00
5.952719519809771737e+04 2.423249564751328577e+00
6.649774818169602077e+04 2.704922140124375485e+00
7.428454336745862383e+04 3.091111752594530415e+00
8.298316159870737465e+04 3.445434590765163119e+00
9.270037610453671368e+04 3.823690441320081845e+00
1.035554631128493784e+05 4.256490794181351234e+00
1.156816659343833453e+05 4.742889916191440847e+00
1.292278304889720312e+05 5.254674015046133739e+00
1.443602323496870231e+05 5.779017401537119625e+00
1.612646177313488733e+05 6.374816257119385376e+00
1.801484834759928635e+05 7.295642315819989676e+00
2.012436240215097787e+05 8.323688714543539646e+00
2.248089766168240167e+05 9.248371259513264775e+00
2.511337997078699700e+05 1.028133286334457530e+01
2.805412235082113184e+05 1.143062745167913086e+01
3.133922163366113673e+05 1.270249982825158952e+01
3.500900154073033482e+05 1.412330671718885711e+01
3.910850764597235830e+05 1.629773300004571368e+01
4.368806029831068008e+05 1.881654296548833116e+01
4.880387229057047516e+05 2.022461829036010528e+01
5.451873885658417130e+05 2.179757730619445866e+01
6.090280846601423109e+05 2.371698896472213036e+01
6.803444387819063850e+05 2.671527761771571008e+01
7.600118402417567559e+05 3.003964948910460464e+01
8.490081852389842970e+05 3.357823979820399529e+01
9.484258802777403034e+05 3.765657503090118041e+01
1.059485251166816568e+06 4.346412517559644328e+01
1.183549522194913821e+06 4.908716489401025740e+01
1.322141549346828600e+06 5.398412122470291763e+01
1.476962512956303777e+06 5.952782351846371967e+01
1.649912799242922105e+06 6.883546483385650561e+01
1.843115327048356412e+06 7.590085783696703459e+01
2.058941606101446785e+06 8.202487796592527047e+01
2.300040846670470666e+06 8.886601245983021613e+01
2.569372477915699128e+06 1.014265484139201021e+02
2.870242474096586928e+06 1.153729322721339940e+02
3.206343934527968056e+06 1.299467925466057352e+02
3.581802415393541567e+06 1.459088450235164771e+02
4.001226569852601271e+06 1.625561822584312210e+02
4.469764718033813871e+06 1.811528998705936147e+02
4.993168041297888383e+06 2.048169559439516547e+02
5.577861176461578347e+06 2.303177099809750246e+02
6.231021076508806087e+06 2.498939436335925279e+02
6.960665105782860890e+06 2.717625274203090271e+02
7.775749451004838571e+06 3.159410274230959885e+02
8.686279056087723002e+06 3.651836056543801305e+02
9.703430430166147649e+06 4.112495342150539841e+02
1.083968883627856337e+07 4.571836296656957188e+02
1.210900154465581477e+07 4.990427552286331547e+02
1.352694903175989911e+07 5.458035270326296313e+02
1.511093622649557702e+07 5.980399211354604176e+02
1.688040615109108761e+07 6.127329181277564203e+02
1.885707857903376222e+07 6.287854870093941599e+02
2.106521663952198625e+07 6.467177897091621617e+02
2.353192464093403518e+07 6.667499404812385819e+02
2.628748076901644841e+07 6.833710064910598021e+02
2.936570874357424304e+07 6.978079393642137802e+02
3.280439299565110728e+07 7.139354172929195101e+02
3.664574246138697118e+07 7.319514007865141139e+02
4.093690868550227582e+07 7.520770312587007993e+02
4.573056459398925304e+07 7.682316327926878330e+02
5.108555104029259086e+07 7.801856152006566845e+02
5.706759906116190553e+07 7.935393925672568685e+02
6.375013670767406374e+07 8.084568789639106399e+02
7.121519035506455600e+07 8.251211825751832976e+02
7.955439155470179021e+07 8.414287929918145892e+02
8.887010178705109656e+07 8.566892001184844503e+02
9.927666892166762054e+07 8.737365800073307582e+02
1.109018308069319725e+08 8.927801847199948497e+02
1.238882832182240188e+08 9.140537694477867490e+02
1.383954314106736481e+08 9.343973359856025809e+02
1.546013467763425708e+08 9.512303314401959824e+02
1.727049526232810318e+08 9.700344475951421828e+02
1.929284659063142240e+08 9.910404999832948079e+02
2.155201248811570704e+08 1.014506332320100796e+03
2.407572361630910635e+08 1.036826476050096744e+03
2.689495785920381546e+08 1.052535553290696043e+03
3.004432056855604649e+08 1.070084141948969091e+03
3.356246933539108634e+08 1.089687646291121382e+03
3.749258850166783333e+08 1.111586694127745886e+03
4.188291923661015034e+08 1.129969792941231162e+03
4.678735168425039649e+08 1.149897874159034018e+03
5.226608645063714385e+08 1.172159506378657625e+03
5.838637355029113293e+08 1.197027945224595896e+03
6.522333788227565289e+08 1.223694072628879439e+03
7.286090136838555336e+08 1.248123375521702883e+03
8.139281307245457172e+08 1.275413316306167189e+03
9.092379994522089958e+08 1.305898871759261510e+03
1.015708523198390841e+09 1.338095174860765155e+03
1.134646599371567488e+09 1.359991212620272336e+03
1.267512161275813580e+09 1.384451246395811268e+03
1.415936098404476166e+09 1.411775516607244754e+03
1.581740275175657988e+09 1.442299421416162204e+03
1.766959893834187269e+09 1.470814672898642129e+03
1.973868476018792868e+09 1.493408072625757541e+03
2.205005769636531353e+09 1.518647128499669861e+03
2.463208923594006538e+09 1.546841643229650117e+03
2.751647313046852589e+09 1.578337696997682087e+03
3.073861442638200760e+09 1.609809868727903222e+03
3.433806405253113747e+09 1.636551432721430956e+03
3.835900429733549118e+09 1.666424397212844951e+03
4.285079113464294434e+09 1.699795444909281059e+03
4.786856005520319939e+09 1.738687600071155657e+03
5.347390284017655373e+09 1.782248223281827450e+03
5.973562358389374733e+09 1.830909735776430352e+03
6.673058324584553719e+09 1.885269444700026270e+03
7.454464309855028152e+09 1.914720489688104863e+03
8.327371865187796593e+09 1.943071237397806044e+03
9.302495699046400070e+09 1.974741818813386772e+03
1.039180519757236290e+10 2.010120981912413299e+03
1.160867134562201500e+10 2.049642996527901232e+03
1.296803085205521965e+10 2.086423055765870231e+03
1.448656949387046051e+10 2.118722530387155075e+03
1.618292692968715477e+10 2.154804229224460869e+03
1.807792549660580063e+10 2.195111045550447216e+03
2.019482579886727524e+10 2.240137734833078866e+03
2.255961222559351730e+10 2.282598106984722563e+03
2.520131190226432037e+10 2.317533219556646145e+03
2.815235099097544098e+10 2.356559185936820086e+03
3.144895271296817780e+10 2.400155039500217299e+03
3.513158197905231476e+10 2.448855907773573108e+03
3.924544208564174652e+10 2.503259580983682099e+03
4.384102957321501923e+10 2.218611623812746075e+03
4.897475405794187164e+10 1.946358564177573953e+03
5.470963064474426270e+10 1.782323131603325692e+03
6.111605342097583008e+10 1.615871389732655871e+03
6.827265952515454865e+10 1.473793241462168680e+03
7.626729439695637512e+10 1.306275708296184348e+03
8.519809005666271973e+10 1.122092731461366157e+03
9.517466964965374756e+10 1.001351882074494824e+03
1.063194930414098206e+11 9.018343969406995484e+02
1.187693599798432922e+11 8.178868919018144652e+02
1.326770892758815765e+11 7.376373010497352425e+02
1.482133946137932434e+11 6.592883203708063320e+02
1.655689800163355103e+11 5.987190830157313712e+02
1.849568806859961243e+11 5.350904377115410853e+02
2.066150779555363770e+11 4.863550321817165241e+02
2.308094204456628418e+11 4.380499936301769139e+02
2.578368872862555847e+11 3.950973376067370850e+02
2.880292334563352661e+11 3.504847917684132881e+02
3.217570619883402100e+11 3.201488266339819120e+02
3.594343730219426270e+11 2.862605615537115114e+02
4.015236455458394165e+11 2.476966518429974826e+02
4.485415142045361328e+11 2.075399295960120867e+02
5.010651108514344482e+11 1.922186559501663226e+02
5.597391486890875244e+11 1.751032821561579453e+02
6.252838359525695801e+11 1.583521541052643613e+02
6.985037162743316650e+11 1.430191482803606959e+02
7.802975442436735840e+11 1.262820889266562858e+02
8.716693173806661377e+11 1.088721923653936301e+02
9.737405999391492920e+11 1.003554976340144833e+02
1.087764289810122192e+12 9.085740025788780372e+01
1.215139997510689209e+12 8.063639471900422961e+01
1.357431226031536377e+12 7.259642282616435693e+01
1.516384562420988281e+12 6.517385175736482950e+01
1.693951116677252197e+12 5.824279809285523868e+01
1.892310471105593506e+12 5.328699719967373483e+01
2.113897434112388428e+12 4.775087881316647298e+01
2.361431926831834961e+12 4.198938433763693467e+01
2.637952369435659668e+12 3.654218047692567950e+01
2.946852976933926758e+12 3.302903134278814434e+01
3.291925422263054688e+12 2.919859796358303328e+01
3.677405378064375000e+12 2.670740494997600933e+01
4.108024508441052246e+12 2.402877955269848442e+01
4.589068548878610352e+12 2.173930488647308223e+01
5.126442187244587891e+12 1.923958858649935166e+01
5.726741542264144531e+12 1.746913733665599011e+01
6.397335129126138672e+12 1.559963466849067437e+01
7.146454306050377930e+12 1.394115535534320216e+01
7.983294312024340820e+12 1.214492157005901518e+01
8.918127135919998047e+12 1.098334981456995507e+01
9.962427602429822266e+12 9.817140170494470297e+00
1.112901422249318164e+13 8.947622110936892526e+00
1.243220653711420117e+13 8.055603825632166703e+00
1.388800088592576172e+13 7.126432720494431550e+00
1.551426675801074805e+13 6.227535179230411444e+00
1.733096613513586914e+13 5.619619827951386704e+00
1.936039851977769141e+13 4.965634257323531919e+00
2.162747465559398828e+13 4.408915434548817736e+00
2.416002230018833594e+13 3.917400002293841776e+00
2.698912780344506641e+13 3.536124950195829619e+00
3.014951768422069141e+13 3.183594411029526672e+00
3.367998488914141406e+13 2.891962181841814861e+00
3.762386496572275000e+13 2.575506995878645622e+00
4.202956799470914062e+13 2.342922276873338205e+00
4.695117281095997656e+13 2.088681925828055785e+00
5.244909080678957812e+13 1.904129795239975387e+00
5.859080746576566406e+13 1.664285255727727675e+00
6.545171072910278125e+13 1.403215012035298415e+00
7.311601636262184375e+13 1.235611886331197562e+00
8.167780168291478125e+13 1.147070124926650836e+00
9.124216033142704688e+13 0.000000000000000000e+00
