# z=0
1.005530417295121696e-15 0.000000000000000000e+00
1.086596435032738316e-15 1.620683616053374010e+01
1.174198007656420067e-15 1.620683129177242066e+01
1.268862032611730612e-15 1.620682603056260263e+01
1.371157885897788954e-15 1.620682034513047043e+01
1.481700846694805968e-15 1.620681420134557627e+01
1.601155798085655204e-15 1.620680756226528274e+01
1.730241226130149018e-15 1.620680038794846567e+01
1.869733541345368221e-15 1.620679263527287972e+01
2.020471748584346461e-15 1.620678425752782914e+01
2.183362493401088585e-15 1.620677520437212138e+01
2.359385515254390568e-15 1.620676542134854259e+01
2.549599540349716572e-15 1.620675484971237168e+01
2.755148649562947056e-15 1.620674342569278537e+01
2.977269159747063695e-15 1.620673108079335378e+01
3.217297059810952811e-15 1.620671774056602743e+01
3.476676046295935415e-15 1.620670332491713950e+01
3.756966206781705346e-15 1.620668774704918391e+01
4.059853403349924725e-15 1.620667091332076382e+01
4.387159412543986673e-15 1.620665272254057498e+01
4.740852882813876303e-15 1.620663306521745639e+01
5.123061175352103974e-15 1.620661182311190984e+01
5.536083159539476457e-15 1.620658886856359970e+01
5.982403039961803935e-15 1.620656406340062361e+01
6.464705298162688661e-15 1.620653725856174177e+01
6.985890839002977883e-15 1.620650829274795512e+01
7.549094438742005640e-15 1.620647699179743029e+01
8.157703599785800748e-15 1.620644316743390334e+01
8.815378925508304373e-15 1.620640661625310130e+01
9.526076137693507457e-15 1.620636711845296674e+01
1.029406986902738230e-14 1.620632443645691367e+01
1.112397937374394872e-14 1.620627831360882709e+01
1.202079631106802210e-14 1.620622847252300147e+01
1.298991476856303742e-14 1.620617461346199306e+01
1.403716370596578626e-14 1.620611641256823887e+01
1.516884201464858240e-14 1.620605351980695374e+01
1.639175640358025094e-14 1.620598555699659826e+01
1.771326233965908014e-14 1.620591211543652932e+01
1.914130828866234171e-14 1.620583275349475727e+01
2.068448352290735689e-14 1.620574699397276319e+01
2.235206978317400748e-14 1.620565432118734961e+01
2.415409710561890230e-14 1.620555417789376307e+01
2.610140414946491735e-14 1.620544596197223797e+01
2.820570338831759256e-14 1.620532902274344167e+01
3.047965155721541517e-14 1.620520265712069730e+01
3.293692577913325418e-14 1.620506610535420222e+01
3.559230582881514933e-14 1.620491854649566221e+01
3.846176302873068560e-14 1.620475909342687260e+01
4.156255631183628253e-14 1.620458678758375015e+01
4.491333602893271711e-14 1.620440059316266712e+01
4.853425612498643378e-14 1.620419939092033346e+01
5.244709535912310759e-14 1.620398197146912622e+01
5.667538829739757158e-14 1.620374702800294031e+01
6.124456686621944340e-14 1.620349314846385269e+01
6.618211331783753022e-14 1.620321880707895090e+01
7.151772552792756009e-14 1.620292235521281299e+01
7.728349561949442066e-14 1.620260201148219181e+01
8.351410298746278056e-14 1.620225585108067179e+01
9.024702288493790322e-14 1.620188179426232011e+01
9.752275182572661009e-14 1.620147759386933117e+01
1.053850511588408485e-13 1.620104082189330796e+01
1.138812102800176638e-13 1.620056885494411603e+01
1.230623310633898567e-13 1.620005885855721317e+01
1.329836352240865681e-13 1.619950777024733668e+01
1.437047964604503136e-13 1.619891228121394988e+01
1.552902993736101193e-13 1.619826881657580131e+01
1.678098273232117427e-13 1.619757351403487178e+01
1.813386815521315394e-13 1.619682220083452506e+01
1.959582341010889353e-13 1.619601036888791157e+01
2.117564172373117574e-13 1.619513314792339287e+01
2.288282523410097837e-13 1.619418527649234463e+01
2.472764214307565904e-13 1.619316107068435784e+01
2.672118847653447405e-13 1.619205439035060579e+01
2.887545482367898617e-13 1.619085860265832011e+01
3.120339845686604420e-13 1.618956654276353291e+01
3.371902126575398612e-13 1.618817047137295972e+01
3.643745397451053412e-13 1.618666202896964990e+01
3.937504714862563466e-13 1.618503218642831243e+01
4.254946953870764833e-13 1.618327119176001005e+01
4.597981435277076892e-13 1.618136851268244314e+01
4.968671409621239084e-13 1.617931277470195184e+01
5.369246467020569053e-13 1.617709169436673733e+01
5.802115947492361184e-13 1.617469200733603429e+01
6.269883432418752184e-13 1.617209939087356929e+01
6.775362404315528375e-13 1.616929838035280298e+01
7.321593169093892381e-13 1.616627227933761901e+01
7.911861142597847093e-13 1.616300306277462084e+01
8.549716611404800861e-13 1.615947127279078899e+01
9.238996086744943514e-13 1.615565590658063755e+01
9.983845379977226394e-13 1.615153429581854638e+01
1.078874453841343734e-12 1.614708197700951331e+01
1.165853479147247627e-12 1.614227255215701007e+01
1.259844766923750339e-12 1.613707753909318043e+01
1.361413646855613093e-12 1.613146621078879761e+01
1.471171025594200293e-12 1.612540542292397561e+01
1.589777061179586530e-12 1.611885942897383472e+01
1.717945133695104473e-12 1.611178968204011852e+01
1.856446136036741753e-12 1.610415462262577080e+01
2.006113110604973646e-12 1.609590945153784958e+01
2.167846259807397617e-12 1.608700588708651935e+01
2.342618360508945400e-12 1.607739190573662569e+01
2.531480614995830074e-12 1.606701146537611891e+01
2.735568973645107277e-12 1.605580421036876260e+01
2.956110967328925484e-12 1.604370515759091731e+01
3.194433090648172990e-12 1.603064436268752502e+01
3.451968780403552486e-12 1.601654656584689107e+01
3.730267037292345278e-12 1.600133081647470590e+01
4.031001742687571813e-12 1.598491007626323857e+01
4.355981726537411670e-12 1.596719080029335736e+01
4.707161646940132546e-12 1.594807249599504040e+01
5.086653746832203684e-12 1.592744726002077726e+01
5.496740558502255268e-12 1.590519929337237492e+01
5.939888632345020185e-12 1.588120439546894325e+01
6.418763372429408549e-12 1.585532943826500762e+01
6.936245068112618398e-12 1.582743182203295618e+01
7.495446218125239503e-12 1.579735891502475020e+01
8.099730251326748431e-12 1.576494747994151879e+01
8.752731756731480114e-12 1.573002309097592288e+01
9.458378344482171958e-12 1.569239954617308896e+01
1.022091426925851671e-11 1.565187828099514356e+01
1.104492595820893228e-11 1.560824779029236176e+01
1.193536959694779445e-11 1.556128306739951483e+01
1.289760093953994091e-11 1.551074507080936904e+01
1.393740752177148768e-11 1.545638023084415380e+01
1.506104347145829676e-11 1.539792001097091934e+01
1.627526712516786105e-11 1.533508054090047601e+01
1.758738167760724652e-11 1.526756234138669477e+01
1.900527910816969401e-11 1.519505016370776573e+01
2.053748764884783416e-11 1.511721297016130627e+01
2.219322307901635282e-11 1.503370408552955340e+01
2.398244415560799508e-11 1.494416155333727936e+01
2.591591251207970806e-11 1.484820873479031178e+01
2.800525738644194539e-11 1.474545519247059744e+01
3.026304556767157261e-11 1.463549790507401305e+01
3.270285698121643005e-11 1.451792286356747752e+01
3.533936636821399547e-11 1.439230710292807736e+01
3.818843154970113614e-11 1.425822122686648896e+01
4.126718880669937707e-11 1.411523248533025310e+01
4.459415594985620747e-11 1.396290846575469935e+01
4.818934369857635395e-11 1.380082145852975728e+01
5.207437603955878210e-11 1.362855355444428440e+01
5.627262028865285950e-11 1.344570252633621621e+01
6.080932763832517203e-11 1.325188853811203771e+01
6.571178503608526448e-11 1.304676171093271364e+01
7.100947930736882425e-11 1.283001055787026168e+01
7.673427451003902431e-11 1.260137127388622957e+01
8.292060358723150674e-11 1.236063783677792927e+01
8.960567547128119644e-11 1.210767283610245926e+01
9.682969888440289628e-11 1.184241890056577340e+01
1.046361241822143036e-10 1.156491053984316686e+01
1.130719046947209151e-10 1.127528615467143069e+01
1.221877791366554176e-10 1.097379990040359310e+01
1.320385767857785644e-10 1.066083301601531730e+01
1.426835472647014449e-10 1.033690415586231737e+01
1.541867169097739542e-10 1.000267818965969013e+01
1.666172738704837097e-10 9.658972872952730881e+00
1.800499842556265506e-10 9.306762742995665860e+00
1.945656418292562841e-10 8.947179572016366933e+00
2.102515539611742647e-10 8.581508720903142873e+00
2.272020667548360601e-10 8.211180791387189259e+00
2.455191325111531436e-10 7.837758083267448939e+00
2.653129229412956124e-10 7.462915532740654001e+00
2.867024918168290929e-10 7.088416042584838372e+00
3.098164910427936135e-10 6.716080413560367113e+00
3.347939444607042814e-10 6.347752440383282568e+00
3.617850840356818617e-10 5.985260127471466518e+00
3.909522534571070953e-10 5.630374381884124979e+00
4.224708845876989094e-10 5.284766916253455626e+00
4.565305526340820530e-10 4.949969398026358824e+00
4.933361163853557171e-10 4.627336064207407951e+00
5.331089503778695546e-10 4.318012036719804492e+00
5.760882763973333488e-10 4.022909386764140116e+00
6.225326023268143142e-10 3.742692590987548584e+00
6.727212769948782124e-10 3.477774409425563817e+00
7.269561703758666717e-10 3.228322439521241094e+00
7.855634892481179078e-10 2.994275739419504756e+00
8.488957392308825877e-10 2.775370070380487331e+00
9.173338450009679468e-10 2.571169597140279706e+00
9.912894414415065435e-10 2.381102412011277814e+00
1.071207349503579186e-09 2.204497087822824941e+00
1.157568251672130952e-09 2.040617640757338869e+00
1.250891583128361732e-09 1.888694761661175781e+00
1.351738655998119381e-09 1.747951863492261726e+00
1.460716035477640261e-09 1.617625267005605938e+00
1.578479188143062680e-09 1.496978573117860645e+00
1.705736424387272210e-09 1.385311838903693582e+00
1.843253158696564187e-09 1.281966522337955272e+00
1.991856513391459691e-09 1.186327282113944337e+00
2.152440293521889699e-09 1.097821654510525491e+00
2.325970362839129466e-09 1.015918448345150438e+00
2.513490453179405491e-09 9.401254739720100728e-01
2.716128442201054287e-09 8.699870097234185806e-01
2.935103137233567497e-09 8.050812410623583437e-01
3.171731606041862293e-09 7.450177925833976200e-01
3.427437098597736347e-09 6.894354039245041976e-01
3.703757607505763361e-09 6.379997643023195275e-01
4.002355118572175831e-09 5.904015037735329541e-01
4.325025607155916885e-09 5.463543329624600542e-01
4.673709840427044910e-09 5.055933212207285310e-01
5.050505050505041988e-09 4.678733031674212062e-01
