# z=0
1.220970587929945849e-15 6.938152837947269802e+01
1.280563643752350392e-15 6.841599032588337082e+01
1.343065313703017028e-15 6.740332635157579944e+01
1.408617561237772109e-15 6.634123633756921379e+01
1.477369278755860955e-15 6.522730790082034957e+01
1.549476625787430012e-15 6.405901091484543031e+01
1.625103383687153722e-15 6.283369176290628388e+01
1.704421327639784922e-15 6.154856731070563569e+01
1.787610616822533511e-15 6.020071858490170058e+01
1.874860203610401618e-15 5.911250958127782695e+01
1.966368262754050642e-15 5.817453539516660754e+01
2.062342641504958285e-15 5.719078062385081296e+01
2.163001331710173135e-15 5.615901081140134465e+01
2.268572964949167736e-15 5.507688244270399025e+01
2.379297331837168613e-15 5.394193762050621643e+01
2.495425926674699191e-15 5.275159848266065410e+01
2.617222518680348016e-15 5.150316134688574010e+01
2.744963751104128035e-15 5.019379056974523223e+01
2.878939769582479036e-15 4.882051210589558821e+01
3.019454881161819447e-15 4.752656118214298431e+01
3.166828245487788342e-15 4.703669621486493213e+01
3.321394599730015983e-15 4.652292194900993394e+01
3.483505018888860017e-15 4.598407142103372536e+01
3.653527713211258336e-15 4.541892071030864741e+01
3.831848864526815533e-15 4.482618615916569382e+01
4.018873503403575800e-15 4.420452145725314352e+01
4.215026429116191828e-15 4.355251458358789307e+01
4.420753174515601656e-15 4.286868459935550391e+01
4.636521017992166440e-15 4.215147828417282483e+01
4.862820044830650884e-15 4.139926660817355497e+01
5.100164260367563083e-15 4.061034103190416289e+01
5.349092757479694138e-15 3.978290962562445543e+01
5.610170941055068363e-15 3.913042834178150997e+01
5.883991812227994899e-15 3.860648223356674436e+01
6.171177315294996030e-15 3.805696339658726401e+01
6.472379750370688613e-15 3.748062367870267053e+01
6.788283254992842015e-15 3.687615400804102705e+01
7.119605358041153241e-15 3.624218141963280715e+01
7.467098609499838957e-15 3.557726593692041916e+01
7.831552289765603793e-15 3.487989730106065878e+01
8.213794202383090944e-15 3.414849154059172065e+01
8.614692554280526412e-15 3.338138737367187758e+01
9.035157927775294954e-15 3.257684243471970831e+01
9.476145348829372241e-15 3.173302931688387929e+01
9.938656456252059034e-15 3.085541609038650179e+01
1.042374177677667778e-14 3.064593153670755399e+01
1.093250311117941123e-14 3.042622247408080227e+01
1.146609603685970232e-14 3.019578986531521281e+01
1.202573253256600065e-14 2.995411031624394127e+01
1.261268373122962490e-14 2.970063488691040732e+01
1.322828280715808199e-14 2.943478784473115439e+01
1.387392800414679701e-14 2.915596535680292689e+01
1.455108581138677045e-14 2.886353411838394933e+01
1.526129429438122140e-14 2.855682991443444507e+01
1.600616658843791040e-14 2.823515611094865108e+01
1.678739456267165021e-14 2.789778207265190346e+01
1.760675266283854035e-14 2.754394150346902492e+01
1.846610194173207081e-14 2.717283070599396666e+01
1.936739428629343700e-14 2.678360675600822915e+01
2.031267685103915379e-14 2.637538558790096488e+01
2.130409670787512486e-14 2.594723998664237641e+01
2.234390572285775258e-14 2.549819748174982337e+01
2.343446567098092954e-14 2.502723813846224488e+01
2.457825360060394551e-14 2.457291919861209806e+01
2.577786745970692613e-14 2.431287985872725343e+01
2.703603199675227117e-14 2.404014853506245331e+01
2.835560494955387648e-14 2.375410575807001834e+01
2.973958353621395726e-14 2.345410182317136716e+01
3.119111126286739212e-14 2.313945531504769804e+01
3.271348506369917143e-14 2.280945155990410456e+01
3.431016278945146248e-14 2.246334100219186425e+01
3.598477106142787392e-14 2.210033750210220305e+01
3.774111350883755528e-14 2.171961654996376723e+01
3.958317940818492624e-14 2.132031339348901611e+01
4.151515274433162382e-14 2.090152107361504008e+01
4.354142171381031917e-14 2.046228836447779287e+01
4.566658869197411163e-14 2.000161761284108053e+01
4.789548068662346163e-14 1.951846247207216933e+01
5.023316030185315409e-14 1.903487007330438274e+01
5.268493723702031799e-14 1.855188150056829244e+01
5.525638034695499642e-14 1.804531925188855368e+01
5.795333029080495376e-14 1.751403274476919592e+01
6.078191279824209322e-14 1.695681523915619593e+01
6.374855258316865704e-14 1.637240109650251796e+01
6.685998793651906998e-14 1.575946290505450165e+01
7.012328603130866218e-14 1.511660846482894272e+01
7.354585897469063528e-14 1.450930217902729069e+01
7.713548064347773386e-14 1.439577612946216689e+01
8.090030434137545153e-14 1.427670910759523615e+01
8.484888131802390233e-14 1.415183066999817285e+01
8.899018019191885243e-14 1.402085717345678439e+01
9.333360732132578383e-14 1.388349113071664220e+01
9.788902816945254606e-14 1.373942053478412539e+01
1.026667897124175921e-13 1.358831815024780276e+01
1.076777439408991381e-13 1.342984077001085552e+01
1.129332725088552656e-13 1.326362843574603012e+01
1.184453125852974575e-13 1.308930362030258010e+01
1.242263839678311727e-13 1.290647037020834631e+01
1.302896175195595747e-13 1.271471340631888580e+01
1.366487849939265675e-13 1.251359718057138615e+01
1.433183303152536316e-13 1.230266488670052638e+01
1.503134023860157161e-13 1.208143742266940279e+01
1.576498894953665845e-13 1.184941230245904009e+01
1.653444554070823348e-13 1.160606251474430728e+01
1.734145772088735735e-13 1.135083532586445720e+01
1.818785850090516546e-13 1.110128906633617518e+01
1.907557035707031353e-13 1.089157644506048683e+01
2.000660959779460954e-13 1.067162818332802843e+01
2.098309094334430017e-13 1.044094470064179525e+01
2.200723232911947704e-13 1.019900203301128450e+01
2.308135994337212212e-13 9.945250642844408517e+00
2.420791351080431973e-13 9.679114170752802337e+00
2.538945183404857948e-13 9.399988126435177449e+00
2.662865860561528767e-13 9.107238515665654788e+00
2.792834850351087479e-13 8.800200400267870648e+00
2.929147358436890837e-13 8.478176387804765568e+00
3.072112998861784066e-13 8.329918588877907482e+00
3.222056497291419808e-13 8.226169159078189352e+00
3.379318428581306819e-13 8.117355933620567399e+00
3.544255990343180003e-13 8.003231759084380670e+00
3.717243814267347918e-13 7.883537419000347768e+00
3.898674817044142179e-13 7.758001045078026792e+00
4.088961092817105263e-13 7.626337499696488997e+00
4.288534849194805586e-13 7.488247728255741364e+00
4.497849388947713105e-13 7.343418079917601204e+00
4.717380139619413957e-13 7.191519595193494041e+00
4.947625733391200588e-13 7.032207258760777790e+00
5.189109139652632931e-13 6.865119215810556064e+00
5.442378852850330723e-13 6.689875950147188277e+00
5.708010138313525779e-13 6.506079422172315496e+00
5.986606338885463690e-13 6.323615156733995768e+00
6.278800245329016101e-13 6.205231075619810355e+00
6.585255533618964493e-13 6.081068911704878843e+00
6.906668272385309859e-13 5.950846648686541229e+00
7.243768503932168320e-13 5.814268505628093386e+00
7.597321902422528549e-13 5.671024265135471865e+00
7.968131512995899181e-13 5.520788568743499880e+00
8.357039575768520521e-13 5.363220177911470543e+00
8.764929438859466260e-13 5.197961198949357708e+00
9.192727564787224626e-13 5.024636270114428704e+00
9.641405634794881620e-13 4.842851709031515739e+00
1.011198275588253639e-12 4.730791001302740995e+00
1.060552777556078511e-12 4.656101905541786046e+00
1.112316170958255843e-12 4.577767389082727512e+00
1.166606028816712463e-12 4.495609526460948580e+00
1.223545662650067943e-12 4.409441708036894170e+00
1.283264402557789717e-12 4.319068216139454464e+00
1.345897890974721143e-12 4.224283780521716380e+00
1.411588390763169077e-12 4.124873112119411545e+00
1.480485108342271659e-12 4.020610414053169990e+00
1.552744532588731536e-12 3.911258868763670016e+00
1.628530790278505513e-12 3.796570100115046476e+00
1.708016018876928957e-12 3.676283609244583417e+00
1.791380757523961762e-12 3.550126182877393344e+00
1.878814357102547793e-12 3.417811272762258490e+00
1.970515410321670087e-12 3.279038344818857365e+00
2.066692202790765629e-12 3.228065168255934925e+00
2.167563186110220983e-12 3.175634356324430474e+00
2.273357474052451759e-12 3.120644504614948467e+00
2.384315362960459934e-12 3.062970711674630309e+00
2.500688877546113702e-12 3.002481979868327766e+00
2.622742343327569332e-12 2.939040917836551969e+00
2.750752987006283716e-12 2.872503428430964068e+00
2.885011566147189707e-12 2.802718381418637161e+00
3.025823029592156436e-12 2.729527270211743684e+00
3.173507210107034627e-12 2.652763851842841802e+00
3.328399550835198345e-12 2.592423065034156426e+00
3.490851867207923981e-12 2.548528122576765753e+00
3.661233146041959693e-12 2.502490758522951442e+00
3.839930383639491938e-12 2.454206405693894144e+00
4.027349464793873512e-12 2.403565393202490519e+00
4.223916084698040586e-12 2.350452697351846698e+00
4.430076715849136122e-12 2.294747680375702092e+00
4.646299622145922640e-12 2.236323816427273403e+00
4.873075922482197261e-12 2.175048404194173557e+00
5.110920706251824402e-12 2.110782265486710330e+00
5.360374203299554104e-12 2.043900439061914209e+00
5.622003010974433177e-12 1.985894090559154446e+00
5.896401381073352902e-12 1.925056571839400821e+00
6.184192569597681802e-12 1.861249699324388551e+00
6.486030252388486567e-12 1.794328544980458684e+00
6.802600009856361984e-12 1.724141107135559237e+00
7.134620884177470998e-12 1.650527965229586558e+00
7.482847012493380596e-12 1.603811676564361743e+00
7.848069339824016965e-12 1.564789417290322504e+00
8.231117415584075352e-12 1.523862562034841606e+00
8.632861277784147731e-12 1.480938151396790081e+00
9.054213429195334462e-12 1.435918688818434541e+00
9.496130909966717338e-12 1.388701919136170471e+00
9.959617471403016498e-12 1.339180596322774530e+00
1.044572585583947970e-11 1.287242239893674700e+00
1.095556018779334047e-11 1.245003085227424311e+00
1.149027848182184466e-11 1.221236781610774536e+00
1.205109527278406181e-11 1.196310493738879099e+00
1.263928437448037623e-11 1.170167605173009440e+00
1.325618177293499366e-11 1.142748736142857435e+00
1.390318866089434740e-11 1.113991608674003597e+00
1.458177462043233352e-11 1.083830905132568967e+00
1.529348096089251880e-11 1.052198119865697556e+00
1.603992421974812143e-11 1.019021403600930853e+00
