# z=1e10
5.394824756437653246e-25 5.167983945041409243e+03
5.470105945321776087e-25 4.307418629738153868e+03
5.546437633092454675e-25 3.434844698219682869e+03
5.623834478762481308e-25 2.550094578239162274e+03
5.702311345901409128e-25 2.299418036423436206e+03
5.781883305489970160e-25 2.125179805875611692e+03
5.862565638814540043e-25 1.948510196786787219e+03
5.944373840401535608e-25 1.769375280887758208e+03
6.027323620993222899e-25 1.587740656462804736e+03
6.111430910564820879e-25 1.403571441743158630e+03
6.196711861383748430e-25 1.290170654886036573e+03
6.283182851111569360e-25 1.211252789127947381e+03
6.370860485949211208e-25 1.131233677077960238e+03
6.459761603826084171e-25 1.050097951577019558e+03
6.549903277633697090e-25 9.678300310275928950e+02
6.641302818504339862e-25 8.844141164013760772e+02
6.733977779135799315e-25 8.242013840678690713e+02
6.827945957161911100e-25 7.927616084483356644e+02
6.923225398570700735e-25 7.608831116851609977e+02
7.019834401169945742e-25 7.285597717167818246e+02
7.117791518101153465e-25 6.957853810523404263e+02
7.217115561402571686e-25 6.625536455795756865e+02
7.317825605621923576e-25 6.288581833560783707e+02
7.419940991479547479e-25 5.946925233836817597e+02
7.523481329582663349e-25 5.600501043657454829e+02
7.628466504191400427e-25 5.271114356488162684e+02
7.734916677037691862e-25 5.091298089609880435e+02
7.842852291196830559e-25 4.908972606406242107e+02
7.952294075013684594e-25 4.724102892433464262e+02
8.063263046083377510e-25 4.536653444644508681e+02
8.175780515287585104e-25 4.346588264570941647e+02
8.289868090887151255e-25 4.153870851409668603e+02
8.405547682671821753e-25 3.958464195013170865e+02
8.522841506167871226e-25 3.760330768781965958e+02
8.641772086904461625e-25 3.559432522457842651e+02
8.762362264739448575e-25 3.355730874816686082e+02
8.884635198245918544e-25 3.184251150856316599e+02
9.008614369159216217e-25 3.120859642744783855e+02
9.134323586886746935e-25 3.056583548328552524e+02
9.261786993080350343e-25 2.991410523794487517e+02
9.391029066272547448e-25 2.925328053079758206e+02
9.522074626577491307e-25 2.858323445468205364e+02
9.654948840457504783e-25 2.790383833153174464e+02
9.789677225556147606e-25 2.721496168766331039e+02
9.926285655598707223e-25 2.651647222872002772e+02
1.006480036536100975e-24 2.580823581426584497e+02
1.020524795570795793e-24 2.509011643202300093e+02
1.034765539870157571e-24 2.436197617175414507e+02
1.049205004278114556e-24 2.362367519877593622e+02
1.063845961801521430e-24 2.287507172710511441e+02
1.078691224142698116e-24 2.219497880831817440e+02
1.093743642239398980e-24 2.174391400710952666e+02
1.109006106812317326e-24 2.128655489681173663e+02
1.124481548920229685e-24 2.082281364453072285e+02
1.140172940522887165e-24 2.035260119172282316e+02
1.156083295051751562e-24 1.987582723709195136e+02
1.172215667988743770e-24 1.939240021924669009e+02
1.188573157452972306e-24 1.890222729911819783e+02
1.205158904795745969e-24 1.840521434212992631e+02
1.221976095203839919e-24 1.790126590011996939e+02
1.239027958311190987e-24 1.739028519301084543e+02
1.256317768819127794e-24 1.687217409022350978e+02
1.273848847125256926e-24 1.634683309183199071e+02
1.291624559961123250e-24 1.595879672593245004e+02
1.309648321038769829e-24 1.559895487945605907e+02
1.327923591706308182e-24 1.523409167950947278e+02
1.346453881612691932e-24 1.486413705644660297e+02
1.365242749381656733e-24 1.448901996284674283e+02
1.384293803295175467e-24 1.410866835986948900e+02
1.403610701986394159e-24 1.372300920342037784e+02
1.423197155142249382e-24 1.333196843012320869e+02
1.443056924215889646e-24 1.293547094309668068e+02
1.463193823149039087e-24 1.253344059753246995e+02
1.483611719104439915e-24 1.212580018607215351e+02
1.504314533208516520e-24 1.171247142397999994e+02
1.525306241304390539e-24 1.139195921668723628e+02
1.546590874715465461e-24 1.123242437019229101e+02
1.568172521019542365e-24 1.107066332109488798e+02
1.590055324833862622e-24 1.090664500421938641e+02
1.612243488611042465e-24 1.074033792089629458e+02
1.634741273446127557e-24 1.057171013291315376e+02
1.657552999894908783e-24 1.040072925638100685e+02
1.680683048803657991e-24 1.022736245551527787e+02
1.704135862150440122e-24 1.005157643632987430e+02
1.727915943898168002e-24 9.873337440243287233e+01
1.752027860859545404e-24 9.692611237595573925e+01
1.776476243574150410e-24 9.509363121074349579e+01
1.801265787197615696e-24 9.323557899050112496e+01
1.826401252403360910e-24 9.135159888817474894e+01
1.851887466296834501e-24 8.944132909742654647e+01
1.877729323342528032e-24 8.750440276315201515e+01
1.903931786303928650e-24 8.606642231432260814e+01
1.930499887196584190e-24 8.471829874720491205e+01
1.957438728254470466e-24 8.335136301296830652e+01
1.984753482909842593e-24 8.196535260034131909e+01
2.012449396786742968e-24 8.056000133488323911e+01
2.040531788708455774e-24 7.913503932786366590e+01
2.069006051718854705e-24 7.769019292443714164e+01
2.097877654118168150e-24 7.622518465108606733e+01
2.127152140513113677e-24 7.473973316233467301e+01
2.156835132881706370e-24 7.323355318671825387e+01
2.186932331652922102e-24 7.170635547199870530e+01
2.217449516801429182e-24 7.015784672961549973e+01
2.248392548957596280e-24 6.858772957836131923e+01
2.279767370532986760e-24 6.699570248727219735e+01
2.311580006861544393e-24 6.538145971772109988e+01
2.343836567356794807e-24 6.398453889185233123e+01
2.376543246685005752e-24 6.318533285854705639e+01
2.409706325954909338e-24 6.237497443696840804e+01
2.443332173923929317e-24 6.155330800296064098e+01
2.477427248221260183e-24 6.072017576073650247e+01
2.511998096588014078e-24 5.987541771257353673e+01
2.547051358134672811e-24 5.901887162808756671e+01
2.582593764616085973e-24 5.815037301307737039e+01
2.618632141724261254e-24 5.726975507793464715e+01
2.655173410399174723e-24 5.637684870561362516e+01
2.692224588157977233e-24 5.547269260901416033e+01
2.729792790442537058e-24 5.455597954678363237e+01
2.767885231985998732e-24 5.362647436389933375e+01
2.806509228198306282e-24 5.268399855483148997e+01
2.845672196571080970e-24 5.172837112312447516e+01
2.885381658102102621e-24 5.075940854663757307e+01
2.925645238739668908e-24 4.977692474230076414e+01
2.966470670847111450e-24 4.878073103037860392e+01
3.007865794687744918e-24 4.777063609823554913e+01
3.049838559930515508e-24 4.674644596359615178e+01
3.092397027176784069e-24 4.583956430791413084e+01
3.135549369508162690e-24 4.667218767048139227e+01
3.179303874056203739e-24 4.751642973791057045e+01
3.223668943593864195e-24 4.837245264149502333e+01
3.268653098149204823e-24 4.924042077496243053e+01
3.314264976641608149e-24 5.012050082604550738e+01
3.360513338540826002e-24 5.101286180849334784e+01
3.407407065549182095e-24 5.191767509452942875e+01
3.454955163307241876e-24 5.283511444776251409e+01
3.503166763123266675e-24 5.376535605655639216e+01
3.552051123726928583e-24 5.579083138127110431e+01
3.601617633047228022e-24 5.822312376196255457e+01
3.651875810015491966e-24 6.068935716398442537e+01
3.702835306393399893e-24 6.319000521169952123e+01
3.754505908626542956e-24 6.572554813858346279e+01
3.806897539723844018e-24 6.829647287945026335e+01
3.860020261163213264e-24 7.150103037168071296e+01
3.913884274823789076e-24 7.529831584252158905e+01
3.968499924945141080e-24 7.914858990477797818e+01
4.023877700113785807e-24 8.305259197897356671e+01
4.080028235277582871e-24 8.701107180376030215e+01
4.136962313787911752e-24 8.052537545460860713e+01
4.194690869470675380e-24 7.221915368824848258e+01
4.253224988726042342e-24 6.379702412544676093e+01
4.312575912657514746e-24 5.791704972726196132e+01
4.372755039230714039e-24 5.284774500219042892e+01
4.433773925462283737e-24 4.770770150361869355e+01
4.495644289639345448e-24 4.249593211904350198e+01
4.558378013569878482e-24 3.740678970971681849e+01
4.621987144864698221e-24 3.433894637911042480e+01
4.686483899250897323e-24 3.122829333666628671e+01
4.751880662917947308e-24 2.807423320134824962e+01
4.818189994896351783e-24 2.487616025606530812e+01
4.885424629469522815e-24 2.189812498651972916e+01
4.953597478619324192e-24 1.924374404708393627e+01
5.022721634505733411e-24 1.655232298829417203e+01
5.092810371981105072e-24 1.444438397716711187e+01
5.163877151139524994e-24 1.368281986934631256e+01
5.235935619901731098e-24 1.291062864126923948e+01
5.308999616636070558e-24 1.212766199854618243e+01
5.383083172816238894e-24 1.133376957743654501e+01
5.458200515715680529e-24 1.052879891597517670e+01
5.534366071140012187e-24 9.710921768717355462e+00
5.611594466197367732e-24 8.865340419643626291e+00
5.689900532107441021e-24 8.007959545630635390e+00
5.769299307049724143e-24 7.138614492161177161e+00
5.849806039051495736e-24 6.786950068846795858e+00
5.931436188916106720e-24 6.438846520098252313e+00
6.014205433192078456e-24 6.085885418011733883e+00
6.098129667183881736e-24 5.727998978662991902e+00
6.183225008004235700e-24 5.365118472248854964e+00
6.269507797669486412e-24 4.997174209887295326e+00
6.356994606237943888e-24 4.770902569706478857e+00
6.445702234992052564e-24 4.586726671539983258e+00
6.535647719664971947e-24 4.399980721295107422e+00
6.626848333712177956e-24 4.210628855605628829e+00
6.719321591628723417e-24 4.018634710655915043e+00
6.813085252312779958e-24 3.823961415197492553e+00
6.908157322476123285e-24 3.692637466600516394e+00
7.004556060102154705e-24 3.614601850584925113e+00
7.102299977952449265e-24 3.535477299485354052e+00
7.201407847121678420e-24 3.455248617937506594e+00
7.301898700642701333e-24 3.373900398535845557e+00
7.403791837141688152e-24 3.291417018874740918e+00
7.507106824544287658e-24 3.207782638548294152e+00
7.611863503833531358e-24 3.122981196108280511e+00
7.718081992860158756e-24 3.036996405979661251e+00
7.825782690206130793e-24 2.950193704060356303e+00
7.934986279101977998e-24 2.863553321587210654e+00
8.045713731399139733e-24 2.775703930241173012e+00
8.157986311597090286e-24 2.686628659108144301e+00
8.271825580927307469e-24 2.596310401851596339e+00
8.387253401493901508e-24 2.504731813427460096e+00
8.504291940472097363e-24 2.411875306753120451e+00
