1.000000000000000000e+06 8.412100631951378915e+00 -2.129671220673246879e+00 -2.535832731830543807e+00 2.148729734911110079e-01 1.447255331027395104e-03 1.447255331027395187e+03 3.332428550979843294e+03 1.499487792189091351e+03 6.200070669068708038e+10 2.506359130931293488e+10 8.736799217644533599e-02
1.122018454301962862e+06 8.337445176516514067e+00 -2.120756835689869835e+00 -2.535043666915679061e+00 2.152303728247409731e-01 1.153465416115668617e-03 1.294209483280872973e+03 2.980027463414065096e+03 1.341676391829244267e+03 6.183380483170565033e+10 2.523049316829436493e+10 9.066731204445414860e-02
1.258925411794166081e+06 8.263324163222264929e+00 -2.111826947643270724e+00 -2.534205236033773012e+00 2.155925515960926686e-01 9.194269025202643497e-04 1.157489891869958456e+03 2.665218970311056637e+03 1.200545230986116849e+03 6.166633088925570679e+10 2.539796711074430847e+10 9.408935492584646898e-02
1.412537544622752583e+06 8.189733206945762234e+00 -2.102881321869888076e+00 -2.533359448755702292e+00 2.159595824846148870e-01 7.328984579182549119e-04 1.035246588205653552e+03 2.383743361575283416e+03 1.074321172688958768e+03 6.149826991713843536e+10 2.556602808286157990e+10 9.763869249640901027e-02
1.584893192461110884e+06 8.116666607004486167e+00 -2.093919553509912213e+00 -2.532520426573096728e+00 2.163315463856718412e-01 5.842131739805043588e-04 9.259154823877998979e+02 2.131999187118538885e+03 9.614276089716137221e+02 6.132961696731425476e+10 2.573468103268576050e+10 1.013198341403992314e-01
1.778279410038919188e+06 8.044118284391373663e+00 -2.084941176475512137e+00 -2.531674644802916596e+00 2.167085282326830231e-01 4.657067429364917621e-04 8.281567120802511681e+02 1.906901299898948537e+03 8.604550967961769175e+02 6.116036710939966583e+10 2.590393089060034943e+10 1.051374072505295576e-01
1.995262314968874678e+06 7.972084189843328339e+00 -2.075945962987625570e+00 -2.530775842337945836e+00 2.170906043713920208e-01 3.712874274021478373e-04 7.408158119172475153e+02 1.705791445174935006e+03 7.701377781693302040e+02 6.099050449174114990e+10 2.607379350825886536e+10 1.090964261934909280e-01
2.238721138568333350e+06 7.900560597396011353e+00 -2.066933718651011276e+00 -2.529856573507438977e+00 2.174778508489145779e-01 2.960289965721856062e-04 6.627263722553245771e+02 1.525983865489133223e+03 6.893433954027289019e+02 6.082001064862768555e+10 2.624428735137232971e+10 1.132021808557225478e-01
2.511886431509572081e+06 7.829542171202532153e+00 -2.057904037182422208e+00 -2.528937140101797265e+00 2.178703540633546154e-01 2.360292660252825449e-04 5.928787107680705049e+02 1.365153681368087746e+03 6.170649567312987074e+02 6.064887656497922516e+10 2.641542143502079010e+10 1.174599213005163428e-01
2.818382931264443323e+06 7.759022937852193103e+00 -2.048856416197195607e+00 -2.528024074721541226e+00 2.182682061889003600e-01 1.881911421660428416e-04 5.303947028959354384e+02 1.221278936291186938e+03 5.524041412898170620e+02 6.047709799704148102e+10 2.658720000295853424e+10 1.218749240548872015e-01
3.162277660168366507e+06 7.688998238457691592e+00 -2.039790506951004723e+00 -2.527062793267773610e+00 2.186714942689576557e-01 1.500667603062793296e-04 4.745527636503881013e+02 1.092698119420510466e+03 4.945547148970248941e+02 6.030466183302379608e+10 2.675963616697621918e+10 1.264528293818722726e-01
3.548133892335738521e+06 7.619464742586224304e+00 -2.030706123476258007e+00 -2.526064099219442305e+00 2.190802994288195971e-01 1.196773009146367137e-04 4.246310875184854012e+02 9.777492121419145406e+02 4.427935316079644963e+02 6.013154683376987457e+10 2.693275116623014069e+10 1.311997207463489745e-01
3.981071705534953158e+06 7.550417593486521639e+00 -2.021602872126935679e+00 -2.525059922789247402e+00 2.194947134258273258e-01 9.544468202001442825e-05 3.799721230336601252e+02 8.749181462506053322e+02 3.964768476481517041e+02 5.995773940890731049e+10 2.710655859109270477e+10 1.361217078850415207e-01
4.466835921509607695e+06 7.481851115362510463e+00 -2.012480236685264767e+00 -2.524065912228966369e+00 2.199148352655187766e-01 7.611849467921278614e-05 3.400088263243455913e+02 7.828992549808397143e+02 3.550314126173657314e+02 5.978323454911309052e+10 2.728106345088692474e+10 1.412248340845233263e-01
5.011872336272694170e+06 7.413760073315936339e+00 -2.003337742904111263e+00 -2.523036605492228635e+00 2.203407638394308810e-01 6.071119096149396127e-05 3.042767384820804182e+02 7.006230821736861571e+02 3.179433541885027239e+02 5.960802165014379120e+10 2.745627634985622406e+10 1.465154475861132344e-01
5.623413251903456636e+06 7.346141175536544665e+00 -1.994175165227587865e+00 -2.521954324445118800e+00 2.207725880371489702e-01 4.842876509117630406e-05 2.723349593870403282e+02 6.270744177857379782e+02 2.847509166895172825e+02 5.943207834927863312e+10 2.763221965072138214e+10 1.520004789429808267e-01
6.309573444801891223e+06 7.278990163460592910e+00 -1.984992138776586090e+00 -2.520861019957972626e+00 2.212104046899852350e-01 3.863277516491881114e-05 2.437563322795737406e+02 5.612696970298499082e+02 2.550423138191276848e+02 5.925538657511219788e+10 2.780891142488781738e+10 1.576870106336085153e-01
7.079457843841330148e+06 7.212301693187522567e+00 -1.975788136577547149e+00 -2.519771637849321344e+00 2.216543200696920457e-01 3.081859660366007209e-05 2.181789554619630849e+02 5.023756104517280505e+02 2.284511811320883510e+02 5.907793859181923676e+10 2.798635940818077850e+10 1.635820064208136915e-01
7.943282347242756747e+06 7.146070203180872937e+00 -1.966562583675669940e+00 -2.518663933308670444e+00 2.221044447594756333e-01 2.458637530637195311e-05 1.952965209537895532e+02 4.496868578617951471e+02 2.046496194242503748e+02 5.889972517592404175e+10 2.816457282407597351e+10 1.696926451877951159e-01
8.912509381337385625e+06 7.080292085210707853e+00 -1.957315161827929195e+00 -2.517495483813946944e+00 2.225608786887705026e-01 1.961729225591492577e-05 1.748393012672790121e+02 4.025823687675316478e+02 1.833428887585172902e+02 5.872072495546798706e+10 2.834357304453202820e+10 1.760267389613035249e-01
9.999999999999918044e+06 7.014963702940697488e+00 -1.948045539334437581e+00 -2.516304652187670410e+00 2.230237239875048627e-01 1.565351327516797437e-05 1.565351327516784750e+02 3.604354632038588875e+02 1.642674429592325964e+02 5.854091561120698547e+10 2.852338238879302979e+10 1.825924577481430611e-01
1.122018454301953875e+07 6.950080016815739725e+00 -1.938753172721322082e+00 -2.515109082973296495e+00 2.234930951095407958e-01 1.249099433135451823e-05 1.401512615236086390e+02 3.227102055485712526e+02 1.471888012404219239e+02 5.836028504390175629e+10 2.870401295609825897e+10 1.893978641999841395e-01
1.258925411794155836e+07 6.885635461976145955e+00 -1.929437424504868659e+00 -2.513909726939355327e+00 2.239691134140724127e-01 9.967676023422096247e-06 1.254856064241739659e+02 2.889412867376208283e+02 1.318975139332671915e+02 5.817882446029986572e+10 2.888547353970014954e+10 1.964510993048697862e-01
1.412537544622741081e+07 6.821625897811160577e+00 -1.920097844880850113e+00 -2.512651297876951517e+00 2.244518928231936106e-01 7.955215307168240460e-06 1.123704029693267188e+02 2.587424147709055546e+02 1.182054213955540973e+02 5.799651473438967896e+10 2.906778326561033630e+10 2.037609084131425941e-01
1.584893192461097986e+07 6.758048122933812074e+00 -1.910734109150706406e+00 -2.511352592954178675e+00 2.249415425741100871e-01 6.349713347981249325e-06 1.006361745929484925e+02 2.317233554336693544e+02 1.059437771404397779e+02 5.781332969843685150e+10 2.925096830156316376e+10 2.113366647179870661e-01
1.778279410038904473e+07 6.694897481116726112e+00 -1.901345666272604928e+00 -2.510042677262509070e+00 2.254381855499378584e-01 5.068443218490123235e-06 9.013108216392302552e+01 2.075344862060706816e+02 9.496233109944633100e+01 5.762925193037326813e+10 2.943504606962674713e+10 2.191877159012629306e-01
1.995262314968858287e+07 6.632168625701051035e+00 -1.891931843580482386e+00 -2.508735740088844146e+00 2.259419533464550878e-01 4.045767311807429058e-06 8.072367052382224983e+01 1.858731203999159902e+02 8.512714093429670470e+01 5.744427194632505035e+10 2.962002605367496490e+10 2.273233168525852776e-01
2.238721138568314910e+07 6.569856847936073940e+00 -1.882492043512729030e+00 -2.507379564989665965e+00 2.264529759590605817e-01 3.229827351900267892e-06 7.230682766625253066e+01 1.664926235060025306e+02 7.631799733664878715e+01 5.725837289928549957e+10 2.980592510071451569e+10 2.357532444105129577e-01
2.511886431509551406e+07 6.507959078471963643e+00 -1.873025901456254916e+00 -2.505965231283454386e+00 2.269713728772538297e-01 2.578798751071861434e-06 6.477649592411185608e+01 1.491533938912495216e+02 6.842684690171752493e+01 5.707152616378859711e+10 2.999277183621141815e+10 2.444881554043293881e-01
2.818382931264420226e+07 6.446471160967686131e+00 -1.863532874263415628e+00 -2.504533214893302606e+00 2.274972752866289416e-01 2.059110236076277622e-06 5.803361142949231777e+01 1.336273285701578857e+02 6.135732884018237598e+01 5.688370882170819092e+10 3.018058917829182434e+10 2.535388513729969762e-01
3.162277660168340430e+07 6.385388040455662662e+00 -1.854012261397548933e+00 -2.503099880719405590e+00 2.280308254546272451e-01 1.644188145467825775e-06 5.199379441526519230e+01 1.197201359487867052e+02 5.502364222720878928e+01 5.669490849836425018e+10 3.036938950163576508e+10 2.629159225993773497e-01
3.548133892335709929e+07 6.324704613230800909e+00 -1.844463332057550531e+00 -2.501633295339368956e+00 2.285721700081430885e-01 1.312989410811479253e-06 4.658662228778104009e+01 1.072696620127887996e+02 4.934889727816942440e+01 5.650510963966671753e+10 3.055918836033329773e+10 2.726303382925613361e-01
3.981071705534920096e+07 6.264417605478184825e+00 -1.834885624007537519e+00 -2.500096061668755532e+00 2.291214428183917795e-01 1.048675558343257850e-06 4.174852593606377837e+01 9.612953347485574795e+01 4.426391739097833522e+01 5.631428321736921692e+10 3.075001478263079834e+10 2.826940825416007219e-01
4.466835921509570628e+07 6.204523428326117696e+00 -1.825278611247024285e+00 -2.498531395543652778e+00 2.296787835157797775e-01 8.376324233073028304e-07 3.741566597450170661e+01 8.615275471733217216e+01 3.970686018617365676e+01 5.612240102104636383e+10 3.094189697895365143e+10 2.931195719537566524e-01
5.011872336272653192e+07 6.145017294281469589e+00 -1.815641557380428317e+00 -2.496954962919319509e+00 2.302443463596570705e-01 6.690902415625235191e-07 3.353394872157198847e+01 7.721477043551840325e+01 3.562267205735241049e+01 5.592944582319491577e+10 3.113485217680509949e+10 3.039189889219572338e-01
5.623413251903410256e+07 6.085893998660149684e+00 -1.805973634080269674e+00 -2.495360794369458901e+00 2.308182938858030497e-01 5.344905939822754132e-07 3.005661489217652615e+01 6.920791339658850916e+01 3.196210496154975544e+01 5.573540200588782501e+10 3.132889599411219025e+10 3.151046960281747022e-01
6.309573444801839441e+07 6.027149821035289179e+00 -1.796274232502096835e+00 -2.493693799379327558e+00 2.314007784295940284e-01 4.270383849716576513e-07 2.694430053728235919e+01 6.204154475829782456e+01 2.868086850767761220e+01 5.554024191073472595e+10 3.152405608926528931e+10 3.266900448575797422e-01
7.079457843841272593e+07 5.968781632920319602e+00 -1.786542824989143519e+00 -2.491980777619029475e+00 2.319919498276277192e-01 3.412258408987818855e-07 2.415693955872215426e+01 5.562340892027179962e+01 2.573924466571338243e+01 5.534393209526891327e+10 3.172036590473110199e+10 3.386892408578150437e-01
7.943282347242692113e+07 5.910784956873142093e+00 -1.776778641020272609e+00 -2.490247672528935752e+00 2.325919751580802775e-01 2.726734143906230762e-07 2.165921919091427839e+01 4.987219523488978012e+01 2.310185456183435448e+01 5.514644896861657715e+10 3.191784903138343811e+10 3.511163486564727321e-01
8.912509381337313354e+07 5.853154731423523494e+00 -1.766980786218583122e+00 -2.488506194619255485e+00 2.332010321571420797e-01 2.179012386460639282e-07 1.942046833638065451e+01 4.471728089031297060e+01 2.073711765870429602e+01 5.494777594024899292e+10 3.211652205975102234e+10 3.639853208897808612e-01
9.999999999999836087e+07 5.795886705896594826e+00 -1.757148477320634727e+00 -2.486697984201693856e+00 2.338192948106699587e-01 1.741574946123083461e-07 1.741574946123055057e+01 4.010124509274854887e+01 1.861665450912776620e+01 5.474788703115641785e+10 3.231641096884359741e+10 3.773109886747325614e-01
1.122018454301946908e+08 5.738977965044688823e+00 -1.747281139607561595e+00 -2.484823445411863396e+00 2.344469267256296396e-01 1.392161075016612039e-07 1.562030417529475734e+01 3.596707954206636515e+01 1.671494639325740295e+01 5.454674460094068909e+10 3.251755339905932617e+10 3.911094750205768578e-01
1.258925411794145554e+08 5.682424454779458678e+00 -1.737377982292698686e+00 -2.482920977054222877e+00 2.350841078343320623e-01 1.112933058084977895e-07 1.401099708448948533e+01 3.226151302472852933e+01 1.500923157908753858e+01 5.434431818703243256e+10 3.271997981296758270e+10 4.053969844418749413e-01
1.412537544622726440e+08 5.626221371996019016e+00 -1.727438057319861553e+00 -2.481007916798872337e+00 2.357310313272870106e-01 8.897466092323904415e-08 1.256800490741517251e+01 2.893890074849019101e+01 1.347922123475707679e+01 5.414058788108965302e+10 3.292371011891036224e+10 4.201893746490928394e-01
1.584893192461085021e+08 5.570364041456641324e+00 -1.717460409336092786e+00 -2.479042261750789677e+00 2.363878943037849290e-01 7.114044503802074143e-08 1.127500070494110496e+01 2.596164854669474664e+01 1.210670750237745885e+01 5.393552857145446014e+10 3.312876942854555511e+10 4.355031660987895847e-01
1.778279410038893819e+08 5.514849462892922993e+00 -1.707444356393291729e+00 -2.476993033764863128e+00 2.370548789946058943e-01 5.689121698684527661e-08 1.011684797797619062e+01 2.329490334217493341e+01 1.087529370515572147e+01 5.372910035390705872e+10 3.333519764609295654e+10 4.513564660462793254e-01
1.995262314968841970e+08 5.459674101367847143e+00 -1.697389099581223526e+00 -2.474906521020556749e+00 2.377321781426935121e-01 4.550021477246723982e-08 9.078486385849249274e+00 2.090398741900587254e+01 9.770321436126206294e+00 5.352126589065216064e+10 3.354303210934785461e+10 4.677678645946222735e-01
2.238721138568291962e+08 5.404833418136569811e+00 -1.687293630659995713e+00 -2.472797892630788752e+00 2.384200017474697730e-01 3.639223067780007873e-08 8.147205609804451854e+00 1.875963418669319793e+01 8.778730895983732907e+00 5.331199957081394958e+10 3.375229842918606567e+10 4.847555103874029991e-01
2.511886431509530842e+08 5.350322572290876266e+00 -1.677156852976457113e+00 -2.470652657494747384e+00 2.391185694694476782e-01 2.911004610320971926e-08 7.312112982726938881e+00 1.683676235231527940e+01 7.888820982508525148e+00 5.310127550954172516e+10 3.396302249045829010e+10 5.023379238863235896e-01
2.818382931264402866e+08 5.296138230667016167e+00 -1.666977919250846041e+00 -2.468416801870630728e+00 2.398280872728277002e-01 2.328949876077868645e-08 6.563872578508211042e+00 1.511387515158539685e+01 7.090055044911011350e+00 5.288905370290217590e+10 3.417524429709783936e+10 5.205352335821064047e-01
3.162277660168314576e+08 5.242277354294515135e+00 -1.656756013515744197e+00 -2.466125143679490428e+00 2.405487618558893870e-01 1.863508790257799871e-08 5.892932216959521519e+00 1.356897787679534950e+01 6.372983719201495312e+00 5.267528979449317932e+10 3.438900820550683594e+10 5.393686875077691179e-01
3.548133892335673571e+08 5.188735690557791713e+00 -1.646490062599143878e+00 -2.463800562673499783e+00 2.412808211549067605e-01 1.491207256624610575e-08 5.291003007726681417e+00 1.218298465257811714e+01 5.729184655967161532e+00 5.245995045357636261e+10 3.460434754642365265e+10 5.588591852869855270e-01
3.981071705534887910e+08 5.135508501496871325e+00 -1.636178865059382481e+00 -2.461450702730682671e+00 2.420245059716831515e-01 1.193365994044369272e-08 4.750875593237553929e+00 1.093929531965803648e+01 5.151127656661260268e+00 5.224300800399836731e+10 3.482128999600164795e+10 5.790275516104766984e-01
4.466835921509543657e+08 5.082592014450154849e+00 -1.625821370527692045e+00 -2.459012402639110917e+00 2.427800499474672136e-01 9.551886587863116711e-09 4.266671012885219660e+00 9.824373070979312672e+00 4.632035946895328493e+00 5.202442304996001434e+10 3.503987495004000092e+10 5.998960831002551064e-01
5.011872336272612214e+08 5.029983509942463016e+00 -1.615416705764815442e+00 -2.456495414829236168e+00 2.435476769336425151e-01 7.646735284207026604e-09 3.832446103371688562e+00 8.824533267326767572e+00 4.165813288437678175e+00 5.180414480820303345e+10 3.526015319179698181e+10 6.214889332977732161e-01
5.623413251903352737e+08 4.977679139822030585e+00 -1.604963746227634491e+00 -2.453936119299452656e+00 2.443276323029122954e-01 6.122163021256012231e-09 3.442745266404372728e+00 7.927213929398523540e+00 3.747019608519547962e+00 5.158213122314231873e+10 3.548216677685769653e+10 6.438302008146874478e-01
6.309573444801788330e+08 4.925674438697538626e+00 -1.594461207115891010e+00 -2.451352040612805983e+00 2.451201769888185500e-01 4.901868788715896746e-09 3.092870113918452901e+00 7.121596618875425833e+00 3.370799344812700937e+00 5.135835063121157074e+10 3.570594736878844452e+10 6.669434827388730502e-01
7.079457843841228485e+08 4.873965258222503039e+00 -1.583907827196999518e+00 -2.448691046596312759e+00 2.459255739499194848e-01 3.925433202051673801e-09 2.778993887273951024e+00 6.398869898358575448e+00 3.032787681881852215e+00 5.113276371469982147e+10 3.593153428530019379e+10 6.908535562421629361e-01
7.943282347242627144e+08 4.822548963856209348e+00 -1.573302618956407661e+00 -2.445929906825057287e+00 2.467440685325062444e-01 3.144128467638276915e-09 2.497470015445413694e+00 5.750637227764219261e+00 2.729050003728783480e+00 5.090531505252394867e+10 3.615898294747606659e+10 7.155876482276614103e-01
8.912509381337221861e+08 4.771422244532020684e+00 -1.562644424930179188e+00 -2.443116622323672438e+00 2.475759219548945289e-01 2.518613414645153439e-09 2.244716568598670303e+00 5.168650908852044701e+00 2.456067800313377791e+00 5.067595359029721069e+10 3.638834440970280457e+10 7.411734995640228973e-01
9.999999999999754429e+08 4.720580974027975607e+00 -1.551931879740583886e+00 -2.440267717180331530e+00 2.484214148861819960e-01 2.017707642643464807e-09 2.017707642643415067e+00 4.645943539970884828e+00 2.210702939092805686e+00 5.044464087751293945e+10 3.661965712248707581e+10 7.676381270254445388e-01
1.122018454301937819e+09 4.670020868643704581e+00 -1.541163540331143667e+00 -2.437358201318103212e+00 2.492808377253447893e-01 1.616626674864269386e-09 1.813884962914488863e+00 4.176624476012960052e+00 1.990138738693210341e+00 5.021133604554428101e+10 3.685296195445573425e+10 7.950093118208754195e-01
1.258925411794135332e+09 4.619739162899905160e+00 -1.530338245253046958e+00 -2.434336348783810777e+00 2.501544615911617253e-01 1.295553577217808990e-09 1.631005320700295247e+00 3.755528538038472863e+00 1.791834913341925350e+00 4.997598154429351807e+10 3.708831645570649719e+10 8.233174782889046694e-01
1.412537544622714996e+09 4.569733155378339795e+00 -1.519454812693299406e+00 -2.431245320001103938e+00 2.510425616055332876e-01 1.038391664595457646e-09 1.466767212264361575e+00 3.377356317852352241e+00 1.613512791944655467e+00 4.973851722149877167e+10 3.732578077850124359e+10 8.525945045566525327e-01
1.584893192461071968e+09 4.519999103734550161e+00 -1.508511795555303792e+00 -2.428105799448401214e+00 2.519454370325246439e-01 8.323596943255590052e-10 1.319201213215557278e+00 3.037573048209802007e+00 1.453139557793102332e+00 4.949889543534262085e+10 3.756540256465739441e+10 8.828716232301629940e-01
1.778279410038879156e+09 4.470532899744275035e+00 -1.497507618464730239e+00 -2.424919635958993069e+00 2.528634006989951000e-01 6.672727132295306475e-10 1.186597326816851927e+00 2.732241316115067153e+00 1.308894198684981136e+00 4.925707250230722809e+10 3.780722549769278717e+10 9.141802174301363326e-01
1.995262314968825817e+09 4.421331556668213203e+00 -1.486440907885532736e+00 -2.421620254315648424e+00 2.537967512725960995e-01 5.350421379947429324e-10 1.067549414861260759e+00 2.458123368694055344e+00 1.179135081564753662e+00 4.901299026733712006e+10 3.805130773266289520e+10 9.465541845769047669e-01
2.238721138568273544e+09 4.372392913780698720e+00 -1.475310436765819855e+00 -2.418227642907037733e+00 2.547457767201278256e-01 4.290905272438286644e-10 9.606140337001649598e-01 2.211895554118879836e+00 1.062384608494430838e+00 4.876657981092685699e+10 3.829771818907315826e+10 9.800300896645263160e-01
2.511886431509510040e+09 4.323713762829739515e+00 -1.464114700275402026e+00 -2.414776697021349783e+00 2.557107899864543565e-01 3.441593058869083098e-10 8.644890907350559761e-01 1.990559693382517148e+00 9.573232273068963405e-01 4.851778288047114563e+10 3.854651511952886963e+10 1.014644256302322578e+00
2.818382931264379978e+09 4.275290425182846299e+00 -1.452852035796483143e+00 -2.411284689294062478e+00 2.566921193303978166e-01 2.760620562937157302e-10 7.780485874279547964e-01 1.791523079036683397e+00 8.627711579964167932e-01 4.826655143167513275e+10 3.879774656832488251e+10 1.050432444340102078e+00
3.162277660168288708e+09 4.227119762544771397e+00 -1.441520853935777113e+00 -2.407689480322988462e+00 2.576900881234924223e-01 2.214807636458163018e-10 7.003836710341777572e-01 1.612693000299743495e+00 7.776657560130064706e-01 4.801282690381311035e+10 3.905147109618690491e+10 1.087432582416776539e+00
3.548133892335644245e+09 4.179200021281286759e+00 -1.430119845752111596e+00 -2.403977779522294966e+00 2.587049954192127132e-01 1.777281081875799120e-10 6.306031242810483661e-01 1.452017353565013602e+00 7.010479971663878818e-01 4.775653352801308441e+10 3.930776447198693085e+10 1.125686390965407568e+00
3.981071705534855366e+09 4.131528727011365199e+00 -1.418647490302389791e+00 -2.400198970742266624e+00 2.597371585565195207e-01 1.426363260928329777e-10 5.678454419896203920e-01 1.307512449849915104e+00 6.320597520810149472e-01 4.749760220793369293e+10 3.956669579206632233e+10 1.165236163150202398e+00
4.466835921509507179e+09 4.084102795985558920e+00 -1.407102070403269289e+00 -2.396372979567230388e+00 2.607869120569035193e-01 1.144836101977727112e-10 5.113795024555032320e-01 1.177494819216753807e+00 5.699345703543484687e-01 4.723597778356867218e+10 3.982832021643134308e+10 1.206123186600094099e+00
5.011872336272571564e+09 4.036919192008689095e+00 -1.395481824828425310e+00 -2.392462869442678830e+00 2.618545937715424654e-01 9.190134662926047619e-11 4.605978168373870973e-01 1.060565666915369576e+00 5.139830582010456173e-01 4.697160038650161743e+10 4.009269761349839783e+10 1.248390337639896153e+00
5.623413251903306961e+09 3.989976429281036463e+00 -1.383785323435961168e+00 -2.388421265529582449e+00 2.629405092780432995e-01 7.379020688089328895e-11 4.149528272347018931e-01 9.554641942863583148e-01 4.635823116710026115e-01 4.670439064303455353e+10 4.035990735696546173e+10 1.292084889968018402e+00
6.309573444801736832e+09 3.943272947205958445e+00 -1.372011075732226359e+00 -2.384300930291498588e+00 2.640449663018997195e-01 5.925639713243199584e-11 3.738825897814186949e-01 8.608964777607026608e-01 4.181732948698262953e-01 4.643426915386777496e+10 4.063002884613224030e+10 1.337256040842780269e+00
7.079457843841170311e+09 3.896806369052377761e+00 -1.360157337940285371e+00 -2.380122382210333676e+00 2.651682923970383743e-01 4.759007612902756673e-11 3.369119377406426530e-01 7.757684054933419171e-01 3.772566727884753557e-01 4.616117142191587067e+10 4.090312657808414459e+10 1.383951986149643432e+00
7.943282347242561340e+09 3.850574120871586459e+00 -1.348222259486375307e+00 -2.375880679590975042e+00 2.663108209907628643e-01 3.822480623868297896e-11 3.036304286224978388e-01 6.991348987255562308e-01 3.403840901830030852e-01 4.588503528134932709e+10 4.117926271865068817e+10 1.432221698565300683e+00
8.912509381337148666e+09 3.804574930270532285e+00 -1.336204271609511940e+00 -2.371507242817677330e+00 2.674728529479972194e-01 3.070922380458835234e-11 2.736962452519757782e-01 6.302088943256418663e-01 3.071504953567232854e-01 4.560578106679264832e+10 4.145851693320736694e+10 1.482118494588910984e+00
9.999999999999671936e+09 3.758808197359387204e+00 -1.324101938369182330e+00 -2.367034849841956667e+00 2.686546685324121553e-01 2.467533420043792472e-11 2.467533420043711567e-01 5.681705669457265406e-01 2.771910088249391890e-01 4.532331985798423767e+10 4.174097814201577759e+10 1.533699538798644291e+00
1.122018454301928520e+10 3.713272424855476483e+00 -1.311913543054351816e+00 -2.362498342776841120e+00 2.698565663247945445e-01 1.982910718885492639e-11 2.224862419822626336e-01 5.122935041846240489e-01 2.501794070466805686e-01 4.503757652481927490e+10 4.202672147518074036e+10 1.587021512286466818e+00
1.258925411794124985e+10 3.667965816169898474e+00 -1.299637234876936498e+00 -2.357915095742455946e+00 2.710788483279961136e-01 1.593591276477462802e-11 2.006212553970915247e-01 4.619475120150942082e-01 2.258233816416877204e-01 4.474848646794302368e+10 4.231581153205699158e+10 1.642140697682151096e+00
1.412537544622703552e+10 3.622887367527465763e+00 -1.287271323250688049e+00 -2.353213237686631043e+00 2.723217891691363524e-01 1.280950556503565823e-11 1.809390753866632617e-01 4.166276177254567004e-01 2.038590033981740324e-01 4.445597156445432281e+10 4.260832643554569244e+10 1.699117323309437433e+00
1.584893192461058998e+10 3.578037357168418087e+00 -1.274814425828114883e+00 -2.348392584916808801e+00 2.735856183740454362e-01 1.029836153363570685e-11 1.632180308816206238e-01 3.758234048158614615e-01 1.840477278346411560e-01 4.415993603744829559e+10 4.290436196255171967e+10 1.758017443439784611e+00
1.778279410038864517e+10 3.533415362583094410e+00 -1.262264928005832676e+00 -2.343505110043552886e+00 2.748705724767483427e-01 8.280345327489179607e-12 1.472476760388552741e-01 3.390503038250847201e-01 1.661758851186175834e-01 4.386029450491835785e+10 4.320400349508165741e+10 1.818907720854638255e+00
1.995262314968809509e+10 3.489020538524373549e+00 -1.249621048838034154e+00 -2.338575777795078636e+00 2.761768870423779720e-01 6.658191433739805308e-12 1.328483845358918169e-01 3.058947098606852322e-01 1.500522597764734067e-01 4.355697791462013245e+10 4.350732008537988281e+10 1.881853538147929994e+00
2.238721138568255234e+10 3.444852302454024073e+00 -1.236881030528848013e+00 -2.333554345437171662e+00 2.775047751599418744e-01 5.354563256190221073e-12 1.198737394943391599e-01 2.760194856011169429e-01 1.355044048899284037e-01 4.324991020361881256e+10 4.381438779638120270e+10 1.946923388100806784e+00
2.511886431509489822e+10 3.400911617790381758e+00 -1.224043518563124433e+00 -2.328400445662922813e+00 2.788543845414137023e-01 4.307018418834291294e-12 1.081874112653131298e-01 2.491107204291261312e-01 1.223761497391723796e-01 4.293899307970345306e+10 4.412530492029656219e+10 2.014192950491618284e+00
2.818382931264356995e+10 3.357199238522104778e+00 -1.211107066407167698e+00 -2.323176968518660068e+00 2.802258455776105439e-01 3.464752121727368321e-12 9.764998240938380092e-02 2.248473938269779371e-01 1.105271968827698237e-01 4.262413210583078003e+10 4.444016589416923523e+10 2.083740412982633128e+00
3.162277660168262863e+10 3.313715267548147381e+00 -1.198069997252897645e+00 -2.317906890483286464e+00 2.816192834845211990e-01 2.787371811799695790e-12 8.814443611036913706e-02 2.029600646181020651e-01 9.983201042164287220e-02 4.230525157204344177e+10 4.475904642795657349e+10 2.155642451477395305e+00
3.548133892335615540e+10 3.270459710831038702e+00 -1.184930559380107606e+00 -2.312575862400928273e+00 2.830347991018256626e-01 2.242608505907812202e-12 7.957075247051645372e-02 1.832184284769303451e-01 9.017754809426710427e-02 4.198227667353654480e+10 4.508202132646347046e+10 2.229977729072769588e+00
3.981071705534822845e+10 3.227433943112877124e+00 -1.171687376639319877e+00 -2.307113005946037632e+00 2.844724164119509235e-01 1.804643507965933550e-12 7.184415208140285114e-02 1.654272736014353595e-01 8.146140554230800468e-02 4.165511133502706909e+10 4.540918666497294617e+10 2.306832352517909968e+00
4.466835921509470367e+10 3.184639765279591028e+00 -1.158339179104549643e+00 -2.301565633406304823e+00 2.859321065847824084e-01 1.452370359006882520e-12 6.487500090947548315e-02 1.493802100021334178e-01 7.359121845221881786e-02 4.132365265346241760e+10 4.574064534653759766e+10 2.386297953528009330e+00
5.011872336272530365e+10 3.142078104906711911e+00 -1.144884397865240100e+00 -2.295968108882852299e+00 2.874138280791123101e-01 1.168930912015560210e-12 5.858532500944605564e-02 1.348976960349617393e-01 6.648427080129147571e-02 4.098781592371624756e+10 4.607648207628376770e+10 2.468465319835660310e+00
5.623413251903260803e+10 3.099749584079372511e+00 -1.131321328899040024e+00 -2.290334832619948635e+00 2.889175049110901394e-01 9.408409182527838573e-13 5.290737287635537134e-02 1.218237280945733969e-01 6.006623519805312506e-02 4.064752712422929382e+10 4.641677087577072144e+10 2.553425527703026887e+00
6.309573444801684570e+10 3.057655676945725265e+00 -1.117648503700238161e+00 -2.284581452584577121e+00 2.904429805799821906e-01 7.573731982544792329e-13 4.778701819510983856e-02 1.100336757346951494e-01 5.426980010232143603e-02 4.030269444287608337e+10 4.676160355712393188e+10 2.641276856772520887e+00
7.079457843841113281e+10 3.015798831689963322e+00 -1.103864747553092052e+00 -2.278720447298553164e+00 2.919900052206299002e-01 6.097621445159772691e-13 4.316785396871013897e-02 9.939765704489582354e-02 4.903401678283168114e-02 3.995320767255722046e+10 4.711109032744279480e+10 2.732126746382467442e+00
7.943282347242497253e+10 2.974180618567746404e+00 -1.089968578731728144e+00 -2.272804707456264062e+00 2.935582968273502957e-01 4.909466155261636383e-13 3.899727584547425102e-02 8.979454602916578376e-02 4.430421170598015934e-02 3.959897143376271057e+10 4.746532656623730469e+10 2.826083539013078738e+00
8.912509381337075806e+10 2.932802103933980220e+00 -1.075958315483699579e+00 -2.266860998309818243e+00 2.951475237357001347e-01 3.952886276261837774e-13 3.523013602054220900e-02 8.112038602505307339e-02 4.003133840462470838e-02 3.923990902530818939e+10 4.782438897469182587e+10 2.923254519720593692e+00
9.999999999999591064e+10 2.891664589626585347e+00 -1.061832318879800896e+00 -2.260818976417011683e+00 2.967572705502576902e-01 3.183032179921955333e-13 3.183032179921824883e-02 7.329202448008335924e-02 3.617102814199631144e-02 3.887593241374150085e+10 4.818836558625851440e+10 3.023753486714706451e+00
1.122018454301919403e+11 2.850770649495062870e+00 -1.047589361059768409e+00 -2.254643526800096609e+00 2.983869883522812239e-01 2.563496689352076010e-13 2.876290592994903972e-02 6.622903842549070219e-02 3.268300156935697448e-02 3.850692684423112488e+10 4.855737115576889038e+10 3.127706709397901630e+00
1.258925411794114685e+11 2.810122292516412656e+00 -1.033228002867140560e+00 -2.248403845454481242e+00 3.000360574675165481e-01 2.064651955234147296e-13 2.599242812954672896e-02 5.984977754181340648e-02 2.953103117017438772e-02 3.813278532132691193e+10 4.893151267867310333e+10 3.235244662129997284e+00
1.412537544622691956e+11 2.769720781772882390e+00 -1.018746514314491147e+00 -2.242124623020189222e+00 3.017037885782601903e-01 1.662904901048092124e-13 2.348915605867512441e-02 5.408578058771611879e-02 2.668264221693616295e-02 3.775342381745694733e+10 4.931087418254306793e+10 3.346496607257822387e+00
1.584893192461046143e+11 2.729567172119840013e+00 -1.004143051616231963e+00 -2.235773038176047223e+00 3.033893934452206453e-01 1.339404030389585632e-13 2.122812329719342417e-02 4.887956025635719487e-02 2.410850869583434225e-02 3.736875612242903900e+10 4.969554187757097626e+10 3.461597361213814672e+00
1.778279410038850098e+11 2.689663746626854479e+00 -9.894161845464823912e-01 -2.229271950153184356e+00 3.050919139192508345e-01 1.078998186116622680e-13 1.918760257840457228e-02 4.418108766732848497e-02 2.178199249774220858e-02 3.697866812039723969e+10 5.008562987960277557e+10 3.580696116945027985e+00
1.995262314968793030e+11 2.650012830020243015e+00 -9.745644815034836261e-01 -2.222683260770808467e+00 3.068102589292576732e-01 8.692741192298390172e-14 1.734429891476987201e-02 3.993672412958191448e-02 1.967904720281945727e-02 3.658304172251976013e+10 5.048125627748025513e+10 3.703951666410842947e+00
2.238721138568237000e+11 2.610615788996983877e+00 -9.595861279880422146e-01 -2.216039377352301720e+00 3.085432372726996664e-01 7.003241991608145550e-14 1.567830588512187512e-02 3.610063341448244839e-02 1.777811326421785756e-02 3.618178299307035065e+10 5.088251500692966461e+10 3.831523060418779547e+00
2.511886431509469299e+11 2.571473603915614081e+00 -9.444791213213569181e-01 -2.209346276055518477e+00 3.102895226827525055e-01 5.642119553460752065e-14 1.417236355129232808e-02 3.263307304569787459e-02 1.605977060271335591e-02 3.577480843171372223e+10 5.128948956828629303e+10 3.963573238819698030e+00
2.818382931264334106e+11 2.532588144271989083e+00 -9.292417617756799642e-01 -2.202503819685744268e+00 3.120475835538727427e-01 4.546092705152583829e-14 1.281263008414734554e-02 2.950217103380472702e-02 1.450638950072579911e-02 3.536201096001657104e+10 5.170228703998344421e+10 4.100280381611833391e+00
3.162277660168237305e+11 2.493961985638855516e+00 -9.138726048156390336e-01 -2.195539910851588061e+00 3.138156744212497462e-01 3.663262050375800946e-14 1.158425174524548712e-02 2.667372538209251964e-02 1.310199209032837306e-02 3.494326560710115051e+10 5.212103239289886475e+10 4.241839406497785347e+00
3.548133892335585938e+11 2.455596746213128068e+00 -8.983698055227323787e-01 -2.188509932679509440e+00 3.155918963346955319e-01 2.951874597380380546e-14 1.047364630488979015e-02 2.411646185093140396e-02 1.183223740950278130e-02 3.451847020323674774e+10 5.254582779676326752e+10 4.388448859043574402e+00
3.981071705534790039e+11 2.417493559788391977e+00 -8.827312843452352897e-01 -2.181442990875171350e+00 3.173741607716368263e-01 2.378533920829541695e-14 9.469114092869214752e-03 2.180344095410048991e-02 1.068423983937698794e-02 3.408754645943130875e+10 5.297675154056871033e+10 4.540309486252016136e+00
4.466835921509433594e+11 2.379653933713438807e+00 -8.669550711081488448e-01 -2.174244695773669633e+00 3.191601323266128887e-01 1.916676688465066026e-14 8.561480281955502133e-03 1.971353687119320117e-02 9.646315393744650524e-03 3.365040096817652512e+10 5.341389703182348633e+10 4.697637645203321277e+00
5.011872336272489014e+11 2.342080544913377693e+00 -8.510396560928521481e-01 -2.166890429598468781e+00 3.209471709571399822e-01 1.544630220944625884e-14 7.741489474122832844e-03 1.782543826068555201e-02 8.707841015447685684e-03 3.320691107933425140e+10 5.385738692066576385e+10 4.860674095271770412e+00
5.623413251903215332e+11 2.304775369671236085e+00 -8.349832181948237952e-01 -2.159459221111270644e+00 3.227323999655536957e-01 1.244773138597072073e-14 6.999873763199933145e-03 1.611780497998430151e-02 7.859259934430942729e-03 3.275697133179250717e+10 5.430732666820750427e+10 5.029669507269916906e+00
6.309573444801633301e+11 2.267739721269511843e+00 -8.187836179349061716e-01 -2.151983508430499459e+00 3.245126841501085879e-01 1.003055184639736940e-14 6.328850356673483731e-03 1.457271648706641443e-02 7.091996897754678474e-03 3.230050957408887863e+10 5.476378842591113281e+10 5.204877201615649263e+00
7.079457843841054688e+11 2.230974808929293118e+00 -8.024386240057836961e-01 -2.144406894252063545e+00 3.262845806349187749e-01 8.082629643747633831e-15 5.722063583029141781e-03 1.317553830744700068e-02 6.398290527891845741e-03 3.183745134163162613e+10 5.522684665836839294e+10 5.386566360752881089e+00
7.943282347242431641e+11 2.194483108740646227e+00 -7.859465330286484752e-01 -2.136648320275016388e+00 3.280442482623278089e-01 6.513419020627553267e-15 5.173792632674392884e-03 1.191309779023847631e-02 5.771074625449711289e-03 3.136768942314248276e+10 5.569660857685752869e+10 5.575037204303043836e+00
8.912509381337003174e+11 2.158266939855907562e+00 -7.693055569876260380e-01 -2.128792010375165855e+00 3.297874907672454503e-01 5.248616968468573510e-15 4.677834797052074153e-03 1.077111267118093484e-02 5.203969363914228742e-03 3.089112256787370300e+10 5.617317543212631226e+10 5.770610428692872773e+00
9.999999999999509277e+11 2.122327729187952983e+00 -7.525134718047653548e-01 -2.120872728202101154e+00 3.315097655986505298e-01 4.228992659600355600e-15 4.228992659600147933e-03 9.737615456376544007e-03 4.691251160725293766e-03 3.040768807464095688e+10 5.665660992535905457e+10 5.973613296996616029e+00
1.122018454301910156e+12 2.086666559402773569e+00 -7.355678450394744772e-01 -2.112884784668001892e+00 3.332061285154778174e-01 3.407076311385413309e-15 3.822802496589314952e-03 8.802328042106979250e-03 4.227752573263207289e-03 2.991733832562997818e+10 5.714695967437004089e+10 6.184389191606842751e+00
1.258925411794104492e+12 2.051285532872303641e+00 -7.184666858180427385e-01 -2.104709336899905470e+00 3.348711385471266344e-01 2.744925907868045582e-15 3.455656978907085258e-03 7.956944246132293883e-03 3.808770766057227152e-03 2.941999898023627853e+10 5.764429901976373291e+10 6.403317775695428260e+00
1.412537544622680420e+12 2.016187258259140247e+00 -7.012082319367211047e-01 -2.096397104596586125e+00 3.364988531801945126e-01 2.211312162334870941e-15 3.123561452178768780e-03 7.192266036837667575e-03 3.430040508982979547e-03 2.891558535224546432e+10 5.814871264775454712e+10 6.630815087229326110e+00
1.584893192461033203e+12 1.981373348117815514e+00 -6.837902144306022834e-01 -2.088008265988705148e+00 3.380828665541542599e-01 1.781159929695003052e-15 2.822948247257982789e-03 6.500078552429901582e-03 3.087731894251291749e-03 2.840405345084156799e+10 5.866024454915844727e+10 6.867312417799259272e+00
1.778279410038835449e+12 1.946844939198139945e+00 -6.662100823341933209e-01 -2.079573726900334485e+00 3.396162488664093426e-01 1.434386932081594273e-15 2.550740747349472797e-03 5.873297620939387995e-03 2.778397489917060637e-03 2.788539608892770386e+10 5.917890191107231140e+10 7.113257667657958194e+00
1.995262314968776855e+12 1.912603683061421700e+00 -6.484654986145116373e-01 -2.070965496373608161e+00 3.410914660263341114e-01 1.155025439226297243e-15 2.304578731718490321e-03 5.306488633286120422e-03 2.498902833561424206e-03 2.735959106334889221e+10 5.970470693665112305e+10 7.369141178272948345e+00
2.238721138568218750e+12 1.878652272605375817e+00 -6.305546434894558905e-01 -2.062175066721280370e+00 3.425003255380802414e-01 9.299757321281192903e-16 2.081956329870676171e-03 4.793881609424813402e-03 2.246393577493652031e-03 2.682659104110842514e+10 6.023770695889158630e+10 7.635510002321355572e+00
2.511886431509448730e+12 1.844992561762582639e+00 -6.124752459193678611e-01 -2.053294222895493348e+00 3.438340230235664707e-01 7.486050083639112205e-16 1.880410763069325936e-03 4.329805791748988358e-03 2.018301392464308137e-03 2.628638742825397491e+10 6.077791057174604034e+10 7.912942199063968118e+00
2.818382931264311035e+12 1.811625783393264300e+00 -5.942246649861804286e-01 -2.044366939415321660e+00 3.450830909414281944e-01 6.024259866742584097e-16 1.697867118192791097e-03 3.909483516235480634e-03 1.812319159764697301e-03 2.573902737746441269e+10 6.132527062253559875e+10 8.202037918552944618e+00
3.162277660168211426e+12 1.778553181758269375e+00 -5.758002145503980929e-01 -2.035301323454490774e+00 3.462373330967404850e-01 4.846792519463444378e-16 1.532690370776965084e-03 3.529149999926557008e-03 1.626353321860647162e-03 2.518456303205522537e+10 6.187973496794479370e+10 8.503447465520684645e+00
3.548133892335557129e+12 1.745777290133137649e+00 -5.571998949478373930e-01 -2.026013320513332161e+00 3.472857483461310735e-01 3.898780911440019289e-16 1.383339669067124760e-03 3.185257300541277994e-03 1.458493139348952024e-03 2.462301624235497284e+10 6.244128175764504242e+10 8.817900685686113960e+00
3.981071705534757324e+12 1.713300277901580460e+00 -5.384214975592983565e-01 -2.016616481201057631e+00 3.482165610630207353e-01 3.135170758199318668e-16 1.248133959748726034e-03 2.873934649777047136e-03 1.307013340590994525e-03 2.405443975981389618e+10 6.300985824018611908e+10 9.146185243900299966e+00
4.466835921509397461e+12 1.681123463864012457e+00 -5.194622984063889115e-01 -2.007152471585128772e+00 3.490171957500548539e-01 2.520102679159327084e-16 1.125688517316095465e-03 2.591993599326611244e-03 1.170365134363403684e-03 2.347895600892444992e+10 6.358534199107556152e+10 9.489125885806357630e+00
5.011872336272448242e+12 1.649247851961814781e+00 -5.003193366866554026e-01 -1.997595077660873519e+00 3.496742202946712119e-01 2.024863062376119623e-16 1.014835516706278631e-03 2.336745132608787114e-03 1.047146666065019213e-03 2.289671904880355835e+10 6.416757895119645691e+10 9.847609725113048995e+00
5.623413251903168945e+12 1.617675590832878818e+00 -4.809902984301783757e-01 -1.987799211658736631e+00 3.501732904065902319e-01 1.626441849691949343e-16 9.146154651007609888e-04 2.105979935762828346e-03 9.360785393557292597e-04 2.230786245465225601e+10 6.475643554534776306e+10 1.022262831249680026e+01
6.309573444801581055e+12 1.586409127652675055e+00 -4.614730518961774886e-01 -1.977850239363623253e+00 3.504991629514610518e-01 1.305841205911986823e-16 8.239300995949945311e-04 1.897169164996533996e-03 8.359998118367456457e-04 2.171253436308302307e+10 6.535176363691699219e+10 1.061527558486299228e+01
7.079457843840997070e+12 1.555449876154867406e+00 -4.417648132136479666e-01 -1.967816276594300806e+00 3.506356944556388022e-01 1.047856914440352141e-16 7.418258852157775174e-04 1.708117224894961476e-03 7.458676520894585949e-04 2.111096256133950043e+10 6.595333543866051483e+10 1.102671312249766977e+01
7.943282347242366211e+12 1.524798774799743795e+00 -4.218624504020946908e-01 -1.957728357939967134e+00 3.505658058511217923e-01 8.403096032301597821e-17 6.674816437556365138e-04 1.536933282758890830e-03 6.647413893981126559e-04 2.050344158884424210e+10 6.656085641115577698e+10 1.145818315037139534e+01
8.912509381336929688e+12 1.494457452252957674e+00 -4.017632327835339301e-01 -1.947411225205004648e+00 3.502714804216366939e-01 6.735228968055742676e-17 6.002779136324905979e-04 1.382190975583740249e-03 5.917632829395471500e-04 1.989026446258131409e+10 6.717403353741870117e+10 1.191106683776619057e+01
9.999999999999427734e+12 1.464428453040544031e+00 -3.814650319034748049e-01 -1.936881942594876449e+00 3.497338067509594972e-01 5.395205137958714307e-17 5.395205137958405473e-04 1.242291892430790910e-03 5.261512112391841149e-04 1.927172173855640411e+10 6.779257626144361115e+10 1.238691455470391212e+01
1.122018454301900977e+13 1.434713347786701787e+00 -3.609650716174406804e-01 -1.926252220484848454e+00 3.489329895803044979e-01 4.318502371226180770e-17 4.845439355462293385e-04 1.115703642889415538e-03 4.672013228561792248e-04 1.864818874623528290e+10 6.841610925376473236e+10 1.288740010924217394e+01
1.258925411794094141e+13 1.405313089539327320e+00 -3.402601174904393844e-01 -1.915581820714872263e+00 3.478483668027608777e-01 3.453628427398548579e-17 4.347860590146507449e-04 1.001131898128764224e-03 4.142804343307249747e-04 1.802014113024385071e+10 6.904415686975616455e+10 1.341431578185268769e+01
1.412537544622668750e+13 1.376228770217074571e+00 -3.193469831171174556e-01 -1.904723363253396862e+00 3.464584785947820156e-01 2.759712686629251083e-17 3.898197782235310977e-04 8.975932102917476892e-04 3.668123066202123991e-04 1.738808250613199234e+10 6.967621549386802673e+10 1.396964491984433998e+01
1.584893192461020117e+13 1.347462777344864415e+00 -2.982233999277276171e-01 -1.893592440053088133e+00 3.447412325929762322e-01 2.203419643932598566e-17 3.492184793803660130e-04 8.041052648192794066e-04 3.242698447424368843e-04 1.675250623873958969e+10 7.031179176126042175e+10 1.455563462671235619e+01
1.778279410038821094e+13 1.319016912024959964e+00 -2.768866955066249802e-01 -1.882343155434474502e+00 3.426739492007729870e-01 1.757431571551134652e-17 3.125204378241550193e-04 7.196049013898719133e-04 2.861770905872082884e-04 1.611398635380490112e+10 7.095031164619511414e+10 1.517475583658992200e+01
1.995262314968760547e+13 1.290892140067181115e+00 -2.553335607887591840e-01 -1.871034890204387402e+00 3.402334469842338560e-01 1.400059129357713025e-17 2.793485219535418122e-04 6.432237424001453242e-04 2.521063744924579740e-04 1.547322168560270119e+10 7.159107631439730835e+10 1.582967716015259718e+01
2.238721138568200391e+13 1.263089149089581920e+00 -2.335604260630710083e-01 -1.859602297132698423e+00 3.373962175582992384e-01 1.114000525330808222e-17 2.493936524434160144e-04 5.742501064035478641e-04 2.216695282723657608e-04 1.483097519926899338e+10 7.223332280073101807e+10 1.652334614700343352e+01
2.511886431509428125e+13 1.235609907243803596e+00 -2.115647001944398198e-01 -1.847862816060788616e+00 3.341388080920964510e-01 8.853601379160741616e-18 2.223924117430702702e-04 5.120774520745876137e-04 1.945113393104124986e-04 1.418800863532431221e+10 7.287628936467570496e+10 1.725910848558747546e+01
2.818382931264287891e+13 1.208456455794327589e+00 -1.893438888981195112e-01 -1.835957961886776513e+00 3.304380098053291137e-01 7.026636943437665140e-18 1.980375362557578183e-04 4.559982788357758599e-04 1.703094460376535066e-04 1.354514409294813538e+10 7.351915390705187988e+10 1.804071536564497791e+01
3.162277660168185156e+13 1.181629755907032342e+00 -1.668946346422530980e-01 -1.823970790197710024e+00 3.262709840134415673e-01 5.567822911095550939e-18 1.760700200753005120e-04 4.054162035485493493e-04 1.487740839780454739e-04 1.290334000062103271e+10 7.416095799937898254e+10 1.887227421990344212e+01
3.548133892335528125e+13 1.155130275844421073e+00 -1.442131305520043538e-01 -1.811925281180793768e+00 3.216156194146626013e-01 4.404227447529686192e-18 1.562678867613447465e-04 3.598201065703540030e-04 1.296431762250729782e-04 1.226365787091657829e+10 7.480064012908343506e+10 1.975832444072397820e+01
3.981071705534725000e+13 1.128959370745498791e+00 -1.212962975806516075e-01 -1.799574972795582095e+00 3.164511662600895670e-01 3.478008140268071929e-18 1.384619979884066918e-04 3.188205325142768015e-04 1.126771602479572704e-04 1.162717354181604195e+10 7.543712445818397522e+10 2.070402113351883600e+01
4.466835921509360938e+13 1.103119169740727212e+00 -9.814177590468717294e-02 -1.786980780592782647e+00 3.107587667001566190e-01 2.741447437627171618e-18 1.224559589132284362e-04 2.819652655418911709e-04 9.765751529655313889e-05 1.099498854734690857e+10 7.606930945265310669e+10 2.171524714764154851e+01
5.011872336272407031e+13 1.077610674643320721e+00 -7.474625200715923068e-02 -1.774286920320219840e+00 3.045215844350619983e-01 2.156233323484528096e-18 1.080676614452081831e-04 2.488349862784637622e-04 8.438750900104431977e-05 1.036833310715536118e+10 7.669596489284465027e+10 2.279855267953330866e+01
5.623413251903122656e+13 1.052434240606587856e+00 -5.110580538884507140e-02 -1.761576014228940945e+00 2.977253845760065021e-01 1.691897590833168696e-18 9.514239333154207853e-05 2.190734565969849066e-04 7.268979792915815320e-05 9.748565666406997681e+09 7.731573233359301758e+10 2.396121555860057484e+01
6.309573444801529688e+13 1.027590526141977323e+00 -2.721676680857922775e-02 -1.748608031939862473e+00 2.903593748220485438e-01 1.324396633325485623e-18 8.356377828015032743e-05 1.924127101821337634e-04 6.240264375968023727e-05 9.137069990013202667e+09 7.792722800998681641e+10 2.521151846035873589e+01
7.079457843840939062e+13 1.003081486677035894e+00 -3.076748627960254785e-03 -1.735305915660907194e+00 2.824172654420994411e-01 1.034107250116775945e-18 7.320918683211993479e-05 1.685703822698553581e-04 5.337806644838054651e-05 8.535212729611435890e+09 7.852908527038858032e+10 2.655904087567052940e+01
7.943282347242301562e+13 9.789082454261740507e-01 2.131736359548802584e-02 -1.721886263589559096e+00 2.738974069270571632e-01 8.050934166028197067e-19 6.395084323982170075e-05 1.472522583284125136e-04 4.548250043342388292e-05 7.944449434818629265e+09 7.911984856518138123e+10 2.801465139092591627e+01
8.912509381336857812e+13 9.550710717373047665e-01 4.596952060315238897e-02 -1.708444994894767088e+00 2.648034359068402455e-01 6.247774913024959861e-19 5.568335252481602867e-05 1.282156574515737509e-04 3.859580253892425816e-05 7.366352056307865143e+09 7.969794594369215393e+10 2.959056843611571708e+01
9.999999999999345312e+13 9.315700084088945898e-01 7.088393512597108981e-02 -1.694839584923415687e+00 2.551452053337590065e-01 4.832147217529679842e-19 4.832147217529363597e-05 1.112643015023577047e-04 3.260880356507599447e-05 6.802510490084135056e+09 8.026178750991587830e+10 3.130077171519942780e+01
1.122018454301891875e+14 9.084065409067459962e-01 9.606326830687920981e-02 -1.680832084933055137e+00 2.449402986663081760e-01 3.724338745343586390e-19 4.178776802347058407e-05 9.621989172033663094e-05 2.742169873450865878e-05 6.254448500875392914e+09 8.080984949912461853e+10 3.316158002939087623e+01
1.258925411794083750e+14 8.855819728827318826e-01 1.215102536183660514e-01 -1.666661851339088063e+00 2.342142185296546275e-01 2.859186033541565530e-19 3.599501954672207999e-05 8.288159543031156412e-05 2.294416155574247355e-05 5.723692898779387474e+09 8.134060510122062683e+10 3.519189090644516682e+01
1.412537544622657188e+14 8.630964516096968353e-01 1.472288309807137929e-01 -1.652440586582217597e+00 2.230005618114238031e-01 2.185459343385610496e-19 3.087043374778554661e-05 7.108180056191131088e-05 1.909507665593691760e-05 5.211824252053551674e+09 8.185247374794645691e+10 3.741331564264017118e+01
1.584893192461007188e+14 8.409495945312857046e-01 1.732235559643667266e-01 -1.638168144015870853e+00 2.113417997136056159e-01 1.662638154926363405e-19 2.635103893268722915e-05 6.067550943131134854e-05 1.580114390610636450e-05 4.720399467353881836e+09 8.234389853264613342e+10 3.985081036758953132e+01
1.778279410038806562e+14 8.191421571200668827e-01 1.994976361741187809e-01 -1.623480195110765800e+00 1.992906220524710281e-01 1.258804188390370917e-19 2.238505569485207426e-05 5.154349554880785760e-05 1.299566878160339671e-05 4.250842120597231865e+09 8.281345587940278625e+10 4.253376121989114012e+01
1.995262314968744062e+14 7.976754999779882560e-01 2.260534058650508771e-01 -1.608521624100275105e+00 1.869100450927169699e-01 9.479773396921623058e-20 1.891463461332095118e-05 4.355255570006202166e-05 1.061826750038166023e-05 3.804448345685276508e+09 8.325984965431474304e+10 4.549693208613497575e+01
2.238721138568182188e+14 7.765496661108700627e-01 2.528946769309637355e-01 -1.593492554688565210e+00 1.742723207909939731e-01 7.096746666727711596e-20 1.588763677786661385e-05 3.658263560761962016e-05 8.614887717689627658e-06 3.382455613814713001e+09 8.368184238618530273e+10 4.878093565906409168e+01
2.511886431509407500e+14 7.557639865510558108e-01 2.800261386449197087e-01 -1.578509249104093959e+00 1.614588916726755474e-01 5.278309566456862232e-20 1.325851418128929465e-05 3.052885710908688716e-05 6.937100399771971751e-06 2.985997259861914635e+09 8.407830074013810730e+10 5.243331788988670894e+01
2.818382931264265000e+14 7.353183063646123729e-01 3.074518036331708726e-01 -1.563161349384740051e+00 1.485604902815425010e-01 3.899421466463361235e-20 1.099006290288580623e-05 2.530555501125172885e-05 5.541240096763512280e-06 2.615982844232702255e+09 8.444831515576731873e+10 5.651074211581841666e+01
3.162277660168159375e+14 7.152137801293804165e-01 3.351737877897402185e-01 -1.547402858564393968e+00 1.356766536133637013e-01 2.859823041062288416e-20 9.043554514785442716e-06 2.082355381342396376e-05 4.388012376146624962e-06 2.273056335884251595e+09 8.479124166411576843e+10 6.108164417461193807e+01
3.548133892335499375e+14 6.954504318432628285e-01 3.631955399740352530e-01 -1.531553761843432948e+00 1.229126677977385451e-01 2.080384207667551129e-20 7.381481716304772332e-06 1.699648976417147373e-05 3.442511286706742837e-06 1.957667134853027344e+09 8.510663086514698792e+10 6.622798509817648949e+01
3.981071705534692500e+14 6.760273557757758844e-01 3.915217366340161265e-01 -1.515781801591417288e+00 1.103776683054729923e-01 1.499919046712169594e-20 5.971285277458386877e-06 1.374939246589049686e-05 2.673864230955196918e-06 1.670059288109931707e+09 8.539423871189009094e+10 7.204771573901587089e+01
4.466835921509324375e+14 6.569435187336908344e-01 4.201572326348956832e-01 -1.499783596143887898e+00 9.818272047503437405e-02 1.071217906216594740e-20 4.784954623252292327e-06 1.101776518615366990e-05 2.054685289654095248e-06 1.410179621553646326e+09 8.565411837844636536e+10 7.865956906114904257e+01
5.011872336272366250e+14 6.381995381633677189e-01 4.491042887932734096e-01 -1.483238184756395350e+00 8.643906343747935483e-02 7.573842884064239485e-21 3.795913362991487562e-06 8.740413523921095206e-06 1.560730821902228195e-06 1.177628656412679672e+09 8.588666934358734131e+10 8.620993764603647946e+01
5.623413251903076875e+14 6.197955325312111130e-01 4.783656415744225732e-01 -1.466563654260678806e+00 7.525340982488558372e-02 5.295180736552203439e-21 2.977698952514955691e-06 6.856405219484922648e-06 1.170810353317079422e-06 9.717230646132056713e+08 8.609257493538681030e+10 9.487922937122985445e+01
6.309573444801478750e+14 6.017303673225777860e-01 5.079458288211522454e-01 -1.449933839470475050e+00 6.472397652390834977e-02 3.656825857942473849e-21 2.307301132553721741e-06 5.312757192866479043e-06 8.665812930082957349e-07 7.915289854270631075e+08 8.627276901457295227e+10 1.048890688817572965e+02
7.079457843840881250e+14 5.840023539156053989e-01 5.378502654846265552e-01 -1.433279273959960687e+00 5.493738243779695829e-02 2.492002100439592755e-21 1.764202381682502557e-06 4.062226105086722600e-06 6.322067105594666890e-07 6.358300100123143196e+08 8.642846798998770142e+10 1.165145868525063690e+02
7.943282347242236250e+14 5.666112785445044375e-01 5.680817861281626246e-01 -1.416023197989844329e+00 4.596624134399383138e-02 1.674467266560475627e-21 1.330076627950478543e-06 3.062614616058559823e-06 4.540856925308353908e-07 5.031160823141763210e+08 8.656118191768583679e+10 1.301030248641891376e+02
8.912509381336785000e+14 5.495573437894404334e-01 5.986421542784872152e-01 -1.398492262167052580e+00 3.786519736042349982e-02 1.107791729269012603e-21 9.873204179677373723e-07 2.273389276421162752e-06 3.206855952188428770e-07 3.916440426399816275e+08 8.667265395736003113e+10 1.460966247234151751e+02
9.999999999999263750e+14 5.328392030331964291e-01 6.295355831962692328e-01 -1.380981552195651219e+00 3.066739177701540905e-02 7.204726364280401096e-22 7.204726364279870857e-07 1.658949552549202060e-06 2.223771244945841855e-07 2.995162956924198866e+08 8.676478170430760193e+10 1.650580195590000301e+02
1.122018454301882625e+15 5.164547003623694010e-01 6.607676992786865044e-01 -1.363654513582951644e+00 2.438332793871642729e-02 4.598930376461208823e-22 5.160084752438981078e-07 1.188153422955186912e-06 1.511995501069747418e-07 2.247143052012514770e+08 8.683958369479876709e+10 1.877081662482696913e+02
1.258925411794073500e+15 5.004025251455243017e-01 6.923424541480679428e-01 -1.345771738822718611e+00 1.900094175767184923e-02 2.877792093988776870e-22 3.622925596982550135e-07 8.342094472638574955e-07 1.006404783514988539e-07 1.651308667258310318e+08 8.689916713327418518e+10 2.149854669590040714e+02
1.412537544622645750e+15 4.846826734361838196e-01 7.242608837551305356e-01 -1.327378994187212502e+00 1.448613062079880283e-02 1.762133451821266596e-22 2.489079659333039411e-07 5.731317718854954590e-07 6.545694787276518093e-08 1.186364262827431560e+08 8.694566157371726990e+10 2.481312230920914601e+02
1.584893192460994250e+15 4.692936576437339857e-01 7.565265707761041902e-01 -1.308986802318913956e+00 1.078378263485370997e-02 1.053433135140633726e-22 1.669579004597233070e-07 3.844347727561426669e-07 4.151778425672432969e-08 8.316497128047171235e+07 8.698113302871954346e+10 2.887942956924626969e+02
1.778279410038792000e+15 4.542329813552596907e-01 7.891450377786208836e-01 -1.290898591584944022e+00 7.821431681613115125e-03 6.133988261234017268e-23 1.090794502637210328e-07 2.511647161292294758e-07 2.562779703459009362e-08 5.676674384278815985e+07 8.700753125615722656e+10 3.391794836700044584e+02
1.995262314968727750e+15 4.394982147556911745e-01 8.221216238544813981e-01 -1.272467073207888433e+00 5.513907338728435241e-03 3.471959492144184633e-23 6.927469933773254678e-08 1.595108900167074629e-07 1.536090688094171184e-08 3.764406607033061981e+07 8.702665393392968750e+10 4.022793266526284697e+02
2.238721138568163750e+15 4.250888712648991374e-01 8.554570230593440128e-01 -1.253260212238997529e+00 3.768531942137353253e-03 1.905852410738219415e-23 4.266672078910746517e-08 9.824375525593800705e-08 8.917040749125600901e-09 2.418890508779959381e+07 8.704010909491221619e+10 4.822361346473197727e+02
2.511886431509387000e+15 4.110035816036461953e-01 8.891533501597697065e-01 -1.234033636962636571e+00 2.489946050907434778e-03 1.011256245612483566e-23 2.540160842133121683e-08 5.848936488902927627e-08 4.998712745501435362e-09 1.501742974589614198e+07 8.704928057025411987e+10 5.848537423244288220e+02
2.818382931264241500e+15 3.972396057541364156e-01 9.232156394101229679e-01 -1.215099997038150192e+00 1.585400270515218563e-03 5.169418235455167293e-24 1.456940011937295685e-08 3.354728352873384435e-08 2.697796535057366528e-09 8.980736412395674735e+06 8.705531726358761597e+10 7.183403619345023117e+02
3.162277660168133500e+15 3.837936102510606240e-01 9.576503441894920199e-01 -1.196186138416638123e+00 9.693845563168731029e-04 2.537328331419825161e-24 8.023736698960599612e-09 1.847533651313593061e-08 1.397231034010627572e-09 5.156405532214595005e+06 8.705914159446780396e+10 8.944936439508619515e+02
3.548133892335470000e+15 3.706641541386145322e-01 9.924588712657108625e-01 -1.176311161316102805e+00 5.670414113373857101e-04 1.191939930927022887e-24 4.229162466550169166e-09 9.738006451328349975e-09 6.918974598990234944e-10 2.832008165881655645e+06 8.706146599183413696e+10 1.130627179160627065e+03
3.981071705534660000e+15 3.578498699025853269e-01 1.027641738350522749e+00 -1.156195147777373755e+00 3.160016389728405122e-04 5.334492894008000655e-25 2.123699872371095501e-09 4.889999668115042168e-09 3.261973069129402728e-10 1.481528414568005130e+06 8.706281647158544922e+10 1.452690878562844546e+03
4.466835921509287500e+15 3.453475362197936938e-01 1.063204017626957709e+00 -1.136293826411853392e+00 1.669920723795609253e-04 2.263404372103667169e-25 1.011025595421383479e-09 2.327972464652706872e-09 1.457480035937473016e-10 7.348756558629610809e+05 8.706356312434414673e+10 1.900199189212582496e+03
5.011872336272325000e+15 3.331530199303224249e-01 1.099153375238081320e+00 -1.116813370507292458e+00 8.324822864778690177e-05 9.056433774899815016e-26 4.538968990170272586e-10 1.045136233432830695e-09 6.142028614160920104e-11 3.439566457286357181e+05 8.706395404335429382e+10 2.534521939081977962e+03
5.623413251903031000e+15 3.212635223659572326e-01 1.135493550690631404e+00 -1.096348086352114004e+00 3.892782472970866803e-05 3.400451055640517703e-26 1.912214152873653713e-10 4.403035803019112489e-10 2.428429079824080754e-11 1.511041866209371365e+05 8.706414689581340027e+10 3.453224857094949130e+03
6.309573444801427000e+15 3.096776031387456496e-01 1.172223512542665658e+00 -1.075211774838509271e+00 1.696961590012002774e-05 1.190539523972566837e-26 7.511796565443839426e-11 1.729655079319485649e-10 8.952563592394376818e-12 6.192049751983425813e+04 8.706423607950250244e+10 4.815974682011100413e+03
7.079457843840823000e+15 2.983919516775364600e-01 1.209347382606296373e+00 -1.054266287193698748e+00 6.848557835305756445e-06 3.858081376279901512e-27 2.731312446148094660e-11 6.289079322809705821e-11 3.056156063393260473e-12 2.350621514138351631e+04 8.706427449378486633e+10 6.890882174077605669e+03
7.943282347242172000e+15 2.874021504668205496e-01 1.246872822878008824e+00 -1.034082295776813876e+00 2.539004767855163397e-06 1.147936070303192142e-27 9.118380323001894696e-12 2.099584660399439550e-11 9.589900675909830160e-13 8.205998713410175696e+03 8.706428979400129700e+10 1.014056057393814808e+04
8.912509381336712000e+15 2.767041677655673881e-01 1.284806329904546240e+00 -1.013211469988685165e+00 8.572871415875978472e-07 3.111478512690033987e-28 2.773108143417752914e-12 6.385317472294112740e-12 2.744609656837731675e-13 2.613870224171506379e+03 8.706429538612979126e+10 1.538767969684294621e+04
